3,-1600.0
4,-1600.0
5,-1600.0
6,-1600.0
7,-1600.0
8,-1600.0
9,-1600.0
10,-1600.0
11,-1600.0
12,-1600.0
13,-1600.0
14,-1600.0
15,-1600.0
16,-1600.0
17,-1600.0
18,-1600.0
19,-1600.0
20,-1600.0
21,-1600.0
22,-1600.0
23,-1600.0
24,-1600.0
25,-1600.0
26,-1600.0
27,-1600.0
28,-1600.0
29,-1600.0
30,-1600.0
31,-1600.0
32,-1600.0
33,-1600.0
34,-1600.0
35,-1600.0
36,-1600.0
37,-1600.0
38,-1600.0
39,-1600.0
40,-1600.0
41,-1600.0
42,-1600.0
43,-1600.0
44,-1600.0
45,-1600.0
46,-1600.0
47,-1600.0
48,-1600.0
49,-1600.0
50,-1600.0
51,-1600.0
52,-1600.0
53,-1600.0
54,-1600.0
55,-1600.0
56,-1600.0
57,-1600.0
58,-1600.0
59,-1600.0
60,-1600.0
61,-1600.0
62,-1600.0
63,-1600.0
64,-1600.0
65,-1600.0
66,-1600.0
67,-1600.0
68,-1600.0
69,-1600.0
70,-1600.0
71,-1600.0
72,-1600.0
73,-1600.0
74,-1600.0
75,-1600.0
76,-1600.0
77,-1600.0
78,-1600.0
79,-1600.0
80,-1600.0
81,-1600.0
82,-1600.0
83,-1600.0
84,-1600.0
85,-1600.0
86,-1600.0
87,-1600.0
88,-1600.0
89,-1600.0
90,-1600.0
91,-1600.0
92,-1600.0
93,-1600.0
94,-1600.0
95,-1600.0
96,-1600.0
97,-1600.0
98,-1600.0
99,-1600.0
100,-1600.0
101,-1600.0
102,-1600.0
103,-1600.0
104,-1600.0
105,-1600.0
106,-1600.0
107,-1600.0
108,-1600.0
109,-1600.0
110,-1600.0
111,-1600.0
112,-1600.0
113,-1600.0
114,-1600.0
115,-1600.0
116,-1600.0
117,-1600.0
118,-1600.0
119,-1600.0
120,-1600.0
121,-1600.0
122,-1600.0
123,-1600.0
124,-1600.0
125,-1600.0
126,-1600.0
127,-1600.0
128,-1600.0
129,-1600.0
130,-1600.0
131,-1600.0
132,-1600.0
133,-1600.0
134,-1600.0
135,-1600.0
136,-1600.0
137,-1600.0
138,-1600.0
139,-1600.0
140,-1600.0
141,-1600.0
142,-1600.0
143,-1600.0
144,-1600.0
145,-1600.0
146,-1600.0
147,-1600.0
148,-1600.0
149,-1600.0
150,-1600.0
151,-1600.0
152,-1600.0
153,-1600.0
154,-1600.0
155,-1600.0
156,-1600.0
157,-1600.0
158,-1600.0
159,-1600.0
160,-1600.0
161,-1600.0
162,-1600.0
163,-1600.0
164,-1600.0
165,-1600.0
166,-1600.0
167,-1600.0
168,-1600.0
169,-1600.0
170,-1600.0
171,-1600.0
172,-1600.0
173,-1600.0
174,-1600.0
175,-1600.0
176,-1600.0
177,-1600.0
178,-1600.0
179,-1600.0
180,-1600.0
181,-1600.0
182,-1600.0
183,-1600.0
184,-1600.0
185,-1600.0
186,-1600.0
187,-1600.0
188,-1600.0
189,-1600.0
190,-1600.0
191,-1600.0
192,-1600.0
193,-1600.0
194,-1600.0
195,-1600.0
196,-1600.0
197,-1600.0
198,-1600.0
199,-1600.0
200,-1600.0
201,-1600.0
202,-1600.0
203,-1600.0
204,-1600.0
205,-1600.0
206,-1600.0
207,-1600.0
208,-1600.0
209,-1600.0
210,-1600.0
211,-1600.0
212,-1600.0
213,-1600.0
214,-1600.0
215,-1600.0
216,-1600.0
217,-1600.0
218,-1600.0
219,-1600.0
220,-1600.0
221,-1600.0
222,-1600.0
223,-1600.0
224,-1600.0
225,-1600.0
226,-1600.0
227,-1600.0
228,-1600.0
229,-1600.0
230,-1600.0
231,-1600.0
232,-1600.0
233,-1600.0
234,-1600.0
235,-1600.0
236,-1600.0
237,-1600.0
238,-1600.0
239,-1600.0
240,-1600.0
241,-1600.0
242,-1600.0
243,-1600.0
244,-1600.0
245,-1600.0
246,-1600.0
247,-1600.0
248,-1600.0
249,-1600.0
250,-1600.0
251,-1600.0
252,-1600.0
253,-1600.0
254,-1600.0
255,-1600.0
256,-1600.0
257,-1600.0
258,-1600.0
259,-1600.0
260,-1600.0
261,-1600.0
262,-1600.0
263,-1600.0
264,-1600.0
265,-1600.0
266,-1600.0
267,-1600.0
268,-1600.0
269,-1600.0
270,-1600.0
271,-1600.0
272,-1600.0
273,-1600.0
274,-1600.0
275,-1600.0
276,-1600.0
277,-1600.0
278,-1600.0
279,-1600.0
280,-1600.0
281,-1600.0
282,-1600.0
283,-1600.0
284,-1600.0
285,-1600.0
286,-1600.0
287,-1600.0
288,-1600.0
289,-1600.0
290,-1600.0
291,-1600.0
292,-1600.0
293,-1600.0
294,-1600.0
295,-1600.0
296,-1600.0
297,-1600.0
298,-1600.0
299,-1600.0
300,-1600.0
301,-1600.0
302,-1600.0
303,-1600.0
304,-1600.0
305,-1600.0
306,-1600.0
307,-1600.0
308,-1600.0
309,-1600.0
310,-1600.0
311,-1600.0
312,-1600.0
313,-1600.0
314,-1600.0
315,-1600.0
316,-1600.0
317,-1600.0
318,-1600.0
319,-1600.0
320,-1600.0
321,-1600.0
322,-1600.0
323,-1600.0
324,-1600.0
325,-1600.0
