3,-1082.6511
4,-1517.4232
5,-1586.848
6,-1598.5583
7,-1480.5535
8,-1313.0387
9,-1312.8132
10,-1284.7952
11,-1446.6816
12,-1687.7927
13,-1765.7314
14,-1623.6167
15,-1564.8207
16,-1491.9313
17,-1612.8743
18,-1614.739
19,-1659.1342
20,-1571.1115
21,-1504.6852
22,-1540.2866
23,-1517.7965
24,-1171.6263
25,-1267.7245
26,-1305.9686
27,-1348.0579
28,-1404.979
29,-1386.305
30,-1487.7561
31,-1345.0858
32,-1357.2736
33,-1354.1661
34,-1336.0879
35,-1434.4993
36,-1399.3326
37,-1409.6981
38,-1359.9905
39,-1522.6838
40,-1442.4092
41,-1803.4452
42,-1716.1602
43,-1691.806
44,-1604.7386
45,-1588.2421
46,-1627.0308
47,-1606.4977
48,-1220.9896
49,-403.45264
50,-790.3182
51,-1097.4799
52,-1124.2334
53,-1337.8896
54,-1379.7928
55,-1554.2338
56,-1393.226
57,-1552.1765
58,-1579.2766
59,-1231.59
60,-1252.9702
61,-1474.0643
62,-1493.5087
63,-1586.8896
64,-1783.3438
65,-1808.0637
66,-1753.2484
67,-1554.5183
68,-1553.9476
69,-1579.8009
70,-1453.7448
71,-1448.1622
72,-1542.6882
73,-1456.3802
74,-1383.0197
75,-1294.3052
76,-496.08344
77,-89.9986
78,-159.9986
79,-229.9986
80,-299.9986
81,-299.9986
82,-299.9986
83,-199.9986
84,-299.9986
85,-199.9986
86,0.0014038086
87,0.0014038086
88,0.0014038086
89,0.0014038086
90,0.0014038086
91,0.0014038086
92,0.0014038086
93,0.0014038086
94,0.0014038086
95,0.0014038086
96,0.0014038086
97,0.0014038086
98,0.0014038086
99,0.0014038086
100,0.0014038086
101,0.0014038086
102,0.0014038086
103,0.0014038086
104,0.0014038086
105,0.0014038086
106,0.0014038086
107,0.0014038086
108,0.0014038086
109,0.0014038086
110,0.0014038086
111,0.0014038086
112,0.0014038086
113,0.0014038086
114,0.0014038086
115,0.0014038086
116,0.0014038086
117,0.0014038086
118,0.0014038086
119,0.0014038086
120,0.0014038086
121,0.0014038086
122,0.0014038086
123,0.0014038086
124,0.0014038086
125,0.0014038086
126,0.0014038086
127,0.0014038086
128,0.0014038086
129,0.0014038086
130,0.0014038086
131,0.0014038086
132,0.0014038086
133,0.0014038086
134,0.0014038086
135,0.0014038086
136,0.0014038086
137,0.0014038086
138,0.0014038086
139,0.0014038086
140,0.0014038086
141,0.0014038086
142,0.0014038086
143,0.0014038086
144,0.0014038086
145,0.0014038086
146,0.0014038086
147,0.0014038086
148,0.0014038086
149,0.0014038086
150,0.0014038086
151,0.0014038086
152,0.0014038086
153,0.0014038086
154,0.0014038086
155,0.0014038086
156,0.0014038086
157,0.0014038086
158,0.0014038086
159,0.0014038086
160,0.0014038086
161,0.0014038086
162,0.0014038086
163,0.0014038086
164,0.0014038086
165,0.0014038086
166,0.0014038086
167,0.0014038086
168,0.0014038086
169,0.0014038086
170,0.0014038086
171,0.0014038086
172,0.0014038086
173,0.0014038086
174,0.0014038086
175,0.0014038086
176,0.0014038086
177,0.0014038086
178,0.0014038086
179,0.0014038086
180,0.0014038086
181,0.0014038086
182,0.0014038086
183,0.0014038086
184,0.0014038086
185,0.0014038086
186,0.0014038086
187,0.0014038086
188,0.0014038086
189,0.0014038086
190,0.0014038086
191,0.0014038086
192,0.0014038086
193,0.0014038086
194,0.0014038086
195,0.0014038086
196,0.0014038086
197,0.0014038086
198,0.0014038086
199,0.0014038086
200,0.0014038086
201,0.0014038086
202,0.0014038086
203,0.0014038086
204,0.0014038086
205,0.0014038086
206,0.0014038086
207,0.0014038086
208,0.0014038086
209,0.0014038086
210,0.0014038086
211,0.0014038086
212,0.0014038086
213,0.0014038086
214,0.0014038086
215,0.0014038086
216,0.0014038086
217,0.0014038086
218,0.0014038086
219,0.0014038086
220,0.0014038086
221,0.0014038086
222,0.0014038086
223,0.0014038086
224,0.0014038086
225,0.0014038086
226,0.0014038086
227,0.0014038086
228,0.0014038086
229,0.0014038086
230,0.0014038086
231,0.0014038086
232,0.0014038086
233,0.0014038086
234,0.0014038086
235,0.0014038086
236,0.0014038086
237,0.0014038086
238,0.0014038086
239,0.0014038086
240,0.0014038086
241,0.0014038086
242,0.0014038086
243,0.0014038086
244,0.0014038086
245,0.0014038086
246,0.0014038086
247,0.0014038086
248,0.0014038086
249,0.0014038086
250,0.0014038086
251,0.0014038086
252,0.0014038086
253,0.0014038086
254,0.0014038086
255,0.0014038086
256,0.0014038086
257,0.0014038086
258,0.0014038086
259,0.0014038086
260,0.0014038086
261,0.0014038086
262,0.0014038086
263,0.0014038086
264,0.0014038086
265,0.0014038086
266,0.0014038086
267,0.0014038086
268,0.0014038086
269,0.0014038086
270,0.0014038086
271,0.0014038086
272,0.0014038086
273,0.0014038086
274,0.0014038086
275,0.0014038086
276,0.0014038086
277,0.0014038086
278,0.0014038086
279,0.0014038086
280,0.0014038086
281,0.0014038086
282,0.0014038086
283,0.0014038086
284,0.0014038086
285,0.0014038086
286,0.0014038086
287,0.0014038086
288,0.0014038086
289,0.0014038086
290,0.0014038086
291,0.0014038086
292,0.0014038086
293,0.0014038086
294,0.0014038086
295,0.0014038086
296,0.0014038086
297,0.0014038086
298,0.0014038086
299,0.0014038086
300,0.0014038086
301,0.0014038086
302,0.0014038086
303,0.0014038086
304,0.0014038086
305,0.0014038086
306,0.0014038086
307,0.0014038086
308,0.0014038086
309,0.0014038086
310,0.0014038086
311,0.0014038086
312,0.0014038086
313,0.0014038086
314,0.0014038086
315,0.0014038086
316,0.0014038086
317,0.0014038086
318,0.0014038086
319,0.0014038086
320,0.0014038086
321,0.0014038086
322,0.0014038086
323,0.0014038086
324,0.0014038086
325,0.0014038086
