3,22.141197
4,21.94793
5,21.987167
6,22.494648
7,22.323124
8,21.656979
9,22.025667
10,21.940594
11,22.009935
12,22.081852
13,22.955017
14,22.494888
15,22.173882
16,21.955183
17,21.711525
18,21.907415
19,22.032904
20,21.909252
21,22.630583
22,21.760927
23,21.706856
24,21.647142
25,22.103237
26,22.530901
27,21.35173
28,21.872402
29,21.48979
30,22.067532
31,21.952166
32,21.73558
33,22.111938
34,22.175446
35,21.32729
36,21.72356
37,21.934763
38,21.554928
39,21.68658
40,22.419958
41,21.965677
42,21.946997
43,22.069836
44,21.83258
45,21.77949
46,22.56331
47,22.596972
48,22.412806
49,21.821388
50,21.747849
51,22.307003
52,22.973074
53,19.603968
54,19.812151
55,19.611689
56,19.698637
57,20.144958
58,19.999788
59,19.18102
60,20.036146
61,20.190815
62,20.309252
63,19.37006
64,19.947638
65,19.526873
66,20.427324
67,20.440536
68,19.959127
69,21.520212
70,22.1552
71,21.768595
72,22.57666
73,21.769772
74,22.01862
75,22.28906
76,21.960827
77,21.829231
78,21.831495
79,22.537884
80,21.988064
81,21.410673
82,22.461544
83,21.27381
84,21.162622
85,22.401897
86,22.124783
87,22.325384
88,22.02827
89,21.790668
90,21.427797
91,22.317179
92,21.98711
93,21.866497
94,22.018429
95,22.340603
96,22.632723
97,21.862282
98,22.237688
99,22.26586
100,22.278908
101,21.630487
102,21.479965
103,22.114223
104,22.177536
105,21.548855
106,22.111364
107,22.037994
108,21.498405
109,21.657017
110,21.417171
111,22.233234
112,21.747791
113,21.77567
114,21.572691
115,23.176239
116,22.178705
117,21.757795
118,21.657265
119,21.618895
120,21.827932
121,21.898748
122,22.12249
123,21.998722
124,22.576694
125,22.251816
126,21.737476
127,22.67163
128,21.709087
129,22.145704
130,21.75622
131,21.99826
132,21.716341
133,21.680523
134,22.00121
135,22.064035
136,21.166792
137,22.208532
138,21.99977
139,21.851536
140,21.567417
141,22.655704
142,22.054192
143,21.554714
144,21.400614
145,21.23128
146,21.833248
147,22.220804
148,21.568659
149,22.311773
150,22.77918
151,21.48529
152,22.09784
153,22.122238
154,22.009195
155,22.14761
156,22.341284
157,22.549616
158,21.70997
159,22.027517
160,22.10669
161,21.35818
162,22.676308
163,21.93008
164,22.450294
165,22.601524
166,21.818823
167,21.75391
168,21.822203
169,21.608675
170,21.810474
171,21.848038
172,22.520325
173,22.423521
174,22.215374
175,21.878881
176,21.958502
177,22.440653
178,22.256374
179,22.00298
180,21.821426
181,22.006895
182,22.18126
183,21.793499
184,21.622612
186,22.154186
186,20.657124
187,22.045956
188,22.244347
189,22.253332
190,21.717657
191,21.792723
192,22.505178
193,21.840195
194,21.53796
195,21.802042
196,22.131414
197,21.46572
198,22.217342
199,21.948563
200,22.493162
201,22.175314
202,21.523298
203,22.202322
204,21.92041
205,21.838556
206,21.90217
207,22.068693
208,21.787518
209,21.905878
210,21.401217
211,21.93587
212,22.269415
213,21.80764
214,22.123693
215,21.983175
216,21.390606
217,22.173311
218,22.774515
219,21.57334
220,22.269028
221,22.18439
222,21.813808
223,22.257517
224,21.923985
225,22.247469
226,21.894047
227,22.01553
228,22.262516
229,21.887154
230,21.685003
231,21.61212
232,22.259073
233,22.36105
234,22.36529
235,22.192457
236,21.685274
237,21.811565
238,21.56091
239,21.594503
240,21.84724
241,21.714607
242,22.13344
243,21.986109
244,22.36601
245,21.959167
246,22.76976
247,22.398554
248,22.254606
249,21.984535
250,21.868317
251,22.037691
252,22.37365
253,22.130638
254,21.952236
255,21.627214
256,22.423393
257,21.5552
258,21.86018
259,21.691694
260,21.986382
261,21.463684
262,22.009628
263,21.520618
264,22.187504
265,22.198557
266,21.922863
267,22.220938
268,21.982513
269,21.958433
270,21.342037
271,22.07379
272,21.767471
273,21.736048
274,22.394411
275,22.549212
276,21.519949
277,22.107843
278,21.879616
279,22.551165
280,22.51457
281,22.105095
282,21.883497
283,22.161524
284,21.845947
285,21.68939
286,22.261206
287,21.530807
288,21.979235
289,22.189974
290,21.595022
291,21.516628
292,21.714968
293,22.020147
294,21.898401
295,22.74165
296,22.220509
297,21.646057
298,21.907238
299,22.022842
300,21.499794
301,22.341269
302,22.388865
303,21.632053
304,21.475578
305,22.080572
306,22.106276
307,22.312489
308,22.100187
309,22.001213
310,22.117762
311,22.433607
312,21.895994
313,22.23649
314,22.466532
315,22.198208
316,21.852013
317,21.936958
318,22.431732
319,22.367992
320,22.196268
321,22.669289
322,21.971228
323,21.999016
324,21.922934
325,22.427738
326,22.017754
327,21.644196
328,21.522501
329,22.487368
330,22.143084
331,22.33203
332,21.595102
333,22.097242
334,21.76357
335,22.16527
336,21.16734
337,22.282293
338,22.217203
339,22.144413
340,22.257526
341,22.058475
342,21.199417
343,21.68618
344,21.226452
345,21.720663
346,21.337185
347,22.247477
348,21.978254
349,22.21088
350,22.266724
351,22.544485
352,21.941704
353,22.180698
354,21.688005
355,21.628813
356,22.065071
357,22.22357
358,22.460236
359,22.333971
360,22.080112
361,22.187157
362,21.60955
363,21.886642
364,21.638863
365,21.603539
366,22.603655
367,21.952293
368,22.134678
369,21.96815
370,21.634293
371,22.363707
372,21.954752
373,21.969297
374,22.065804
375,21.84024
376,21.618101
377,21.995344
378,21.955215
379,21.82098
380,21.858189
381,21.939056
382,21.827663
383,21.939108
384,21.462744
385,22.442043
386,21.81211
387,22.049833
388,21.981268
389,21.19501
390,21.862183
391,22.423035
392,21.25589
393,22.504496
394,22.15749
395,21.76692
396,22.2685
397,21.672047
398,22.069801
399,22.000084
400,22.665312
401,21.924204
402,22.167234
403,21.756596
404,22.002762
405,22.257418
406,22.30853
407,22.404558
408,22.052929
409,21.647669
410,22.013372
411,21.99124
412,21.54002
413,21.68579
414,21.42336
415,22.025108
416,21.924511
417,21.889246
418,21.65916
419,22.151329
420,21.877222
421,22.025852
422,21.979206
423,22.15773
424,22.119434
425,21.436125
426,21.338543
427,21.742596
428,22.19893
429,21.730055
430,21.412357
431,21.72876
432,21.578804
433,21.35618
434,22.158484
435,21.760874
436,22.012934
437,21.78534
438,21.761108
439,21.705858
440,21.401783
441,22.361025
442,22.269474
443,21.799063
444,21.640182
445,21.635328
446,21.598562
447,22.162132
448,22.17834
449,22.19038
450,21.588406
451,21.748352
452,22.476204
453,22.611582
454,21.657084
455,21.990963
456,21.857044
457,22.098774
458,22.086933
459,22.066923
460,21.861292
461,21.835995
462,21.887497
463,21.90358
464,22.120684
465,21.658325
466,21.65267
467,21.581974
468,22.05725
469,21.947527
470,21.950848
471,22.47665
472,22.041296
473,21.931263
474,21.742489
475,21.795414
476,21.737263
477,22.185122
478,21.979221
479,21.757912
480,22.183533
481,21.851944
482,21.951727
483,21.775297
484,21.53283
485,22.075602
486,22.289871
487,21.888237
488,22.070204
489,22.533304
490,21.973398
491,21.630638
492,21.81065
493,21.884668
494,21.601318
495,22.0761
496,22.538591
497,21.811485
498,22.316452
499,21.722328
500,22.194168
501,22.469746
502,21.221714
503,21.84667
504,22.467571
505,21.953411
506,22.033318
507,21.792547
508,21.76231
509,22.516727
510,21.833689
511,22.157654
512,22.199247
513,22.361717
514,22.505674
515,21.96488
516,22.208702
517,21.847847
518,22.12196
519,22.210215
520,21.993088
521,21.50731
522,22.396702
523,22.00068
524,22.499939
525,22.25996
526,21.706583
527,21.828138
528,22.001268
529,22.037743
530,22.916283
531,21.789326
532,21.926727
533,21.77843
534,21.950005
535,22.39145
536,22.241629
537,22.179333
538,22.33001
539,22.394768
540,22.048107
541,21.346756
542,21.717363
543,22.071316
544,22.092491
545,22.113836
546,21.720276
547,22.65151
548,21.808865
549,21.75865
550,21.741968
551,21.746351
552,22.375202
553,22.069271
554,22.390888
555,21.71834
556,22.318415
557,22.155886
558,22.437138
559,21.648567
560,21.431473
561,21.73258
562,22.267418
563,22.404243
564,22.204632
565,22.618399
566,22.199911
567,22.22634
568,22.00937
569,22.14351
570,21.902386
571,21.510181
572,21.850475
573,21.576307
574,22.288187
575,21.571888
576,22.26641
577,21.785707
578,21.8556
579,21.724472
580,22.010794
581,22.024933
582,21.299286
583,22.244007
584,22.559692
585,21.988348
586,22.188828
587,21.363525
588,22.429077
589,21.764244
590,21.888826
591,22.231735
592,22.197813
593,21.71014
594,22.329569
595,22.111023
596,22.261736
597,21.71109
598,22.48425
599,21.852873
600,22.38107
601,22.494152
602,21.542957
603,21.98312
604,21.402098
605,22.197956
606,21.77291
607,21.533783
608,22.210623
609,21.825064
610,22.088936
611,21.793032
612,22.120567
613,21.713877
614,22.166553
615,22.047531
616,21.888079
617,22.419989
618,22.020752
619,21.976093
620,22.304222
621,21.645187
622,21.28601
623,21.965237
624,21.990168
625,22.215073
626,22.088379
627,22.307844
628,21.869343
629,22.27899
630,21.686365
631,21.933908
632,22.411875
633,22.00701
634,21.891018
635,22.295061
636,21.564535
637,22.021927
638,21.642775
639,21.199104
640,21.52946
641,22.275885
642,22.036068
643,21.722656
644,21.743517
645,21.74807
646,21.84507
647,21.61652
648,22.215128
649,22.073717
650,22.525597
651,22.247051
652,22.583313
653,21.598469
654,22.331108
655,21.773945
656,21.59002
657,21.827198
658,22.316113
659,22.159882
660,21.571857
661,22.11118
662,22.097372
663,22.042149
664,22.095053
665,21.520983
666,21.939945
667,22.451357
668,21.463266
669,21.537199
670,22.486258
671,21.670544
672,22.364523
673,21.773348
674,22.196646
675,21.226757
676,22.488798
677,22.45116
678,22.763353
679,22.187113
680,22.14444
681,22.393143
682,21.928043
683,21.484386
684,22.194283
685,21.657314
686,21.305182
687,21.953157
688,22.285284
689,21.726297
690,21.855143
691,21.88134
692,21.961428
693,22.401545
694,21.822308
695,22.053627
696,22.464132
697,22.497688
698,22.1369
699,22.123816
700,21.673342
701,21.734623
702,22.072657
703,22.48679
704,21.993315
705,21.570581
706,21.994728
707,22.367508
708,21.6824
709,21.88068
710,22.217829
711,22.200798
712,21.82735
713,22.050941
714,21.882479
715,22.441029
716,22.593542
717,22.02691
718,21.688915
719,21.92109
720,21.84721
721,22.134459
722,22.398685
723,22.065971
724,21.957125
725,22.103441
726,22.119349
727,21.620958
728,21.870378
729,21.212772
730,21.532106
731,21.66318
732,22.118004
733,22.474892
734,21.741299
735,22.509682
736,21.658108
737,21.099146
738,22.354717
739,21.944904
740,22.811083
741,22.310886
742,21.38312
743,21.825903
744,21.824417
745,22.431763
746,21.722145
747,22.276667
748,22.336105
749,22.355822
750,21.772423
751,22.106161
752,22.230825
753,22.183525
754,22.106915
755,22.023294
756,22.311829
757,22.222202
758,21.730574
759,22.31551
760,21.813751
761,22.320736
762,22.40389
763,22.146883
764,21.76689
765,21.481361
766,22.067266
767,21.346935
768,22.738247
769,21.772354
770,21.850409
771,21.871025
772,22.01484
773,22.059399
774,21.980305
775,21.669985
776,22.336765
777,22.254862
778,22.347229
779,22.053242
780,22.223862
781,22.067877
782,21.748224
783,21.353024
784,22.62837
785,22.491383
786,22.46103
787,22.444233
788,22.031797
789,21.862276
790,21.093515
791,21.764538
792,22.162598
793,21.890392
794,21.590183
795,21.781157
796,22.189484
797,21.909405
798,21.61727
799,21.475124
800,22.169102
801,21.970537
802,21.879705
803,22.03964
804,22.350636
805,22.12181
806,22.17353
807,21.947054
808,21.529154
809,21.187866
810,21.584648
811,21.409262
812,22.163671
813,21.802671
814,22.253023
815,22.354057
816,21.646656
817,21.926659
818,21.724361
819,22.093784
820,21.775692
821,21.96138
822,22.231377
823,21.681477
824,21.921438
825,21.910156
826,22.025772
827,21.743782
828,21.942944
829,21.881296
830,22.056566
831,22.17306
832,21.856066
833,22.056192
834,21.7821
835,21.961185
836,21.631462
837,22.436216
838,21.710476
839,21.440582
840,22.396112
841,21.820675
842,22.062313
843,21.684406
844,22.202847
845,22.654682
846,22.025455
847,22.791761
848,21.46786
849,21.7696
850,22.01032
851,22.026863
852,21.999714
853,22.219149
854,21.561934
855,21.715874
856,21.906265
857,22.32238
858,22.040678
859,21.883778
860,22.939943
861,22.019835
862,22.794518
863,21.970316
864,21.557634
865,22.44429
866,21.90619
867,22.10297
868,22.394802
869,21.805262
870,21.632084
871,22.204393
872,22.192001
873,21.74777
874,22.392216
875,22.575865
876,21.81296
877,22.368328
878,21.849476
879,21.41057
880,21.63425
881,22.43043
882,22.422878
883,22.0672
884,22.1183
885,21.961103
886,21.889307
887,21.532093
888,22.089542
889,21.95904
890,22.21831
891,21.672388
892,21.695139
893,21.595625
894,21.422356
895,22.19841
896,21.8614
897,21.611588
898,21.984545
899,21.951761
900,22.187532
901,22.288916
902,21.34532
903,22.148315
904,22.248713
905,22.034706
906,21.88301
907,22.031237
908,21.738304
909,22.067924
910,22.268005
911,21.726406
912,22.028051
913,21.4886
914,21.77822
915,21.655819
916,22.162176
917,22.086054
918,21.564903
919,21.93909
920,22.304432
921,22.464043
922,22.747034
923,22.196062
924,21.818935
925,22.2911
926,22.156359
927,21.98727
928,21.789934
929,21.608698
930,21.577389
931,21.573744
932,22.26685
933,21.917746
934,22.06429
935,21.962124
936,22.070354
937,21.84838
938,22.280495
939,22.223913
940,22.076338
941,21.367401
942,22.045208
943,22.03157
944,22.007195
945,21.673752
946,21.938177
947,21.852402
948,22.51233
949,22.382145
950,21.382841
951,21.849173
952,22.39236
953,22.24857
954,21.955818
955,21.8236
956,22.45493
957,22.437757
958,21.820137
959,22.045135
960,21.270348
961,22.648968
962,22.321
963,21.867092
964,21.954878
965,22.228672
966,22.402777
967,21.676058
968,22.069214
969,22.855669
970,21.758318
971,21.769203
972,21.325756
973,21.82557
974,22.087294
975,21.481987
976,22.17848
977,22.044783
978,21.832739
979,22.188793
980,22.32263
981,22.219532
982,22.310772
983,22.339687
984,21.725906
985,21.427511
986,22.103958
987,22.53633
988,21.669859
989,21.846607
990,21.722944
991,21.714905
992,21.494175
993,21.581478
994,21.688683
995,22.710741
996,22.317205
997,22.035046
998,22.118872
999,21.805868
1000,21.820469
1001,21.93786
1002,22.425365
1003,22.259079
1004,22.117273
1005,21.99444
1006,21.768188
1007,21.7973
1008,21.826208
1009,22.319117
1010,22.384558
1011,21.648487
1012,22.152388
1013,22.3822
1014,21.78926
1015,22.61394
1016,21.97971
1017,21.979544
1018,22.186052
1019,21.87133
1020,22.27145
1021,22.809395
1022,22.257423
1023,21.917122
1024,21.990614
1025,21.440739
1026,21.75156
1027,21.5144
1028,22.413038
1029,21.753677
1030,21.926605
1031,21.858076
1032,22.021553
1033,22.34135
1034,21.208702
1035,21.958256
1036,21.864958
1037,22.088985
1038,22.146725
1039,21.717575
1040,21.95071
1041,22.265408
1042,21.739605
1043,21.52658
1044,21.819157
1045,21.84251
1046,21.81576
1047,21.997072
1048,21.740055
1049,21.920086
1050,22.122234
1051,22.458292
1052,21.934532
1053,21.951332
1054,22.528173
1055,22.645164
1056,21.687283
1057,21.709389
1058,22.228378
1059,21.865236
1060,21.819395
1061,21.841787
1062,22.030533
1063,21.445875
1064,21.806913
1065,22.549593
1066,21.80145
1067,22.000893
1068,21.790197
1069,22.030016
1070,21.912914
1071,22.42706
1072,22.27701
1073,22.462461
1074,21.923353
1075,22.244762
1076,21.947632
1077,21.825861
1078,22.088346
1079,21.59402
1080,21.969116
1081,22.208439
1082,21.76162
1083,21.617569
1084,21.472866
1085,22.231699
1086,21.727642
1087,22.165178
1088,22.71259
1089,21.919287
1090,21.406475
1091,21.99938
1092,21.980516
1093,22.05453
1094,21.78868
1095,21.935013
1096,21.959763
1097,21.824331
1098,22.089916
1099,21.870281
1100,22.407705
1101,22.382668
1102,21.998001
1103,21.49625
1104,21.799427
1105,21.996677
1106,22.124731
1107,21.759712
1108,21.939417
1109,21.937447
1110,21.885437
1111,22.377066
1112,22.191004
1113,22.229809
1114,22.185307
1115,21.835733
1116,21.741562
1117,21.9616
1118,22.066488
1119,22.041624
1120,22.194923
1121,22.29989
1122,21.921804
1123,22.221138
1124,22.273512
1125,22.086487
1126,22.018738
1127,22.283415
1128,22.244259
1129,22.230488
1130,21.531925
1131,22.378878
1132,21.861353
1133,22.152632
1134,22.229841
1135,22.306011
1136,22.073547
1137,21.713842
1138,21.774557
1139,22.41133
1140,21.771788
1141,21.963692
1142,21.932869
1143,22.529604
1144,22.182266
1145,22.262156
1146,21.679724
1147,22.059639
1148,22.851206
1149,21.643389
1150,21.98327
1151,22.59919
1152,22.267254
1153,22.483343
1154,22.182646
1155,21.981344
1156,21.844345
1157,21.644985
1158,21.693575
1159,21.830107
1160,22.032797
1161,21.370111
1162,21.929266
1163,21.584127
1164,22.050177
1165,21.843115
1166,21.971006
1167,22.18467
1168,21.549883
1169,22.11448
1170,21.849731
1171,22.058155
1172,21.503298
1173,22.272612
1174,21.521898
1175,22.307165
1176,22.123377
1177,22.013649
1178,21.68929
1179,21.653955
1180,22.358732
1181,21.809732
1182,22.358223
1183,22.122831
1184,22.271889
1185,22.10896
1186,22.26227
1187,22.293943
1188,21.152039
1189,22.126415
1190,22.387394
1191,22.465498
1192,22.706081
1193,22.501114
1194,22.274378
1195,22.290697
1196,22.223166
1197,22.197384
1198,22.338562
1199,21.564888
1200,22.226828
1201,22.617605
1202,22.321981
1203,21.769827
1204,21.901064
1205,22.617302
1206,21.785578
1207,21.99207
1208,21.972084
1209,22.208576
1210,21.884825
1211,22.045168
1212,22.10572
1213,21.456047
1214,22.356853
1215,22.172739
1216,21.96861
1217,21.777485
1218,21.924002
1219,21.977695
1220,21.725212
1221,21.661203
1222,21.74
1223,22.27496
1224,21.88952
1225,22.335495
1226,21.96231
1227,21.367813
1228,21.99595
1229,21.954556
1230,22.389196
1231,21.997044
1232,21.523954
1233,22.020502
1234,21.824823
1235,22.016014
1236,22.491081
1237,22.054085
1238,22.101522
1239,22.15031
1240,22.661045
1241,21.323494
1242,21.550629
1243,22.764355
1244,22.531244
1245,22.09622
1246,22.14123
1247,21.914518
1248,21.890396
1249,21.930254
1250,22.26852
1251,22.138788
1252,22.100527
1253,22.2036
1254,21.81369
1255,22.523075
1256,21.998058
1257,22.295832
1258,21.630259
1259,22.248163
1260,21.700928
1261,21.503191
1262,21.55191
1263,21.921017
1264,22.263147
1265,21.79434
1266,22.346233
1267,22.10884
1268,22.397207
1269,21.563606
1270,22.19329
1271,21.686203
1272,22.453926
1273,21.995203
1274,21.789139
1275,21.828428
1276,22.346403
1277,22.272408
1278,21.571459
1279,22.223902
1280,21.673916
1281,22.174694
1282,22.059666
1283,22.236513
1284,21.56018
1285,21.742874
1286,22.233202
1287,21.903957
1288,21.993044
1289,21.910604
1290,21.867771
1291,22.064339
1292,21.861626
1293,22.361004
1294,22.122627
1295,22.079924
1296,21.166693
1297,21.706291
1298,22.323801
1299,22.029871
1300,21.905916
1301,22.011118
1302,21.7767
1303,21.898928
1304,21.717157
1305,21.687801
1306,21.488527
1307,21.915041
1308,22.180292
1309,21.8661
1310,22.225107
1311,21.44334
1312,21.776642
1313,22.505075
1314,21.802633
1315,22.15242
1316,22.051725
1317,22.11158
1318,21.883064
1319,21.98366
1320,21.836151
1321,22.10397
1322,21.873238
1323,22.153467
1324,22.16193
1325,21.850712
1326,22.532146
1327,22.075848
1328,21.958212
1329,21.754967
1330,22.092575
1331,22.072699
1332,21.735132
1333,21.86327
1334,22.159332
1335,21.69783
1336,22.203102
1337,21.519781
1338,21.717485
1339,22.093122
1340,21.932812
1341,21.804356
1342,21.66699
1343,21.873953
1344,21.593441
1345,21.818481
1346,22.10022
1347,21.709358
1348,21.98091
1349,22.178617
1350,22.044413
1351,21.861755
1352,21.748377
1353,21.915276
1354,22.183928
1355,21.945759
1356,21.960701
1357,22.726032
1358,22.000172
1359,22.036898
1360,21.42362
1361,21.679619
1362,21.764723
1363,22.525997
1364,22.241146
1365,21.654318
1366,21.389034
1367,22.171421
1368,21.999138
1369,21.509367
1370,22.23081
1371,21.785864
1372,21.452791
1373,22.09621
1374,21.533657
1375,21.874403
1376,22.231474
1377,22.587744
1378,22.183084
1379,22.226048
1380,21.482513
1381,21.873936
1382,22.225353
1383,22.17899
1384,21.466537
1385,21.675749
1386,21.248108
1387,21.97908
1388,21.675684
1389,21.729727
1390,21.961472
1391,21.436768
1392,21.910053
1393,22.103495
1394,21.668152
1395,22.32681
1396,21.529585
1397,22.183607
1398,22.201775
1399,21.89854
1400,22.221004
1401,22.1271
1402,21.917345
1403,22.031181
1404,22.432415
1405,22.099003
1406,21.722923
1407,21.79602
1408,22.591314
1409,21.968561
1410,22.331242
1411,21.677732
1412,21.775906
1413,22.292452
1414,22.413752
1415,22.14852
1416,21.805061
1417,21.695587
1418,22.245777
1419,22.371168
1420,22.107391
1421,21.862226
1422,22.439596
1423,21.693176
1424,21.921556
1425,21.255775
1426,22.326298
1427,22.16352
1428,21.257906
1429,21.785225
1430,21.917177
1431,22.286419
1432,21.544252
1433,21.691772
1434,22.33323
1435,21.573984
1436,22.426342
1437,21.650238
1438,21.582546
1439,22.62806
1440,21.833172
1441,21.925362
1442,22.042622
1443,21.862906
1444,21.953411
1445,21.744038
1446,22.208515
1447,22.27427
1448,21.889008
1449,22.365627
1450,22.028648
1451,21.886284
1452,22.666727
1453,21.990923
1454,22.072363
1455,21.861517
1456,21.712925
1457,21.799519
1458,21.495457
1459,22.003687
1460,21.45426
1461,22.355087
1462,22.268612
1463,22.04233
1464,22.336226
1465,22.317766
1466,21.990349
1467,22.07996
1468,21.738312
1469,21.891891
1470,21.909283
1471,22.536308
1472,22.125181
1473,22.179546
1474,21.802454
1475,22.214155
1476,22.036755
1477,21.97676
1478,22.385666
1479,21.936733
1480,22.233541
1481,21.964682
1482,22.404829
1483,21.80479
1484,21.9402
1485,22.26103
1486,21.774305
1487,22.087093
1488,21.60183
1489,21.902714
1490,21.615902
1491,21.8707
1492,22.288414
1493,22.013853
1494,21.841328
1495,22.079683
1496,22.042559
1497,21.665865
1498,21.357948
1499,21.920916
1500,21.86731
1501,22.317698
1502,22.462051
1503,21.877186
1504,21.99116
1505,21.918596
1506,22.494797
1507,21.841291
1508,22.274435
1509,21.518425
1510,22.171999
1511,22.532682
1512,21.782833
1513,22.44746
1514,21.380186
1515,22.449013
1516,22.335861
1517,22.08076
1518,22.60257
1519,21.89184
1520,21.947136
1521,22.41871
1522,22.072115
1523,21.632128
1524,22.180222
1525,22.49479
1526,21.878502
1527,22.200512
1528,21.784864
1529,22.163372
1530,22.798271
1531,22.1972
1532,21.798243
1533,21.983334
1534,22.332012
1535,22.769226
1536,21.643143
1537,21.742956
1538,21.788673
1539,22.374039
1540,21.981863
1541,21.915188
1542,22.13683
1543,22.658785
1544,21.903936
1545,21.908365
1546,21.60786
1547,22.250164
1548,21.678968
1549,22.266726
1550,21.836113
1551,22.061481
1552,21.810225
1553,22.677896
1554,22.349085
1555,21.918594
1556,22.227806
1557,21.65925
1558,22.456877
1559,21.977013
1560,21.706457
1561,21.695452
1562,21.983864
1563,21.85441
1564,21.681654
1565,21.823158
1566,22.493876
1567,21.973557
1568,21.76636
1569,21.964054
1570,22.134108
1571,21.42471
1572,22.108418
1573,22.182806
1574,21.371658
1575,21.386684
1576,21.978577
1577,21.883907
1578,22.376421
1579,21.954416
1580,22.03895
1581,22.677605
1582,21.98276
1583,21.707802
1584,21.679224
1585,21.93644
1586,21.856207
1587,21.833471
1588,21.62759
1589,21.705
1590,22.019419
1591,22.378117
1592,21.855509
1593,21.57279
1594,21.605879
1595,22.321886
1596,21.46066
1597,22.29789
1598,21.757515
1599,21.990595
1600,22.530321
1601,22.160574
1602,22.39972
1603,22.187237
1604,21.874304
1605,22.097275
1606,22.212103
1607,22.24414
1608,21.737846
1609,21.567162
1610,21.95829
1611,21.62293
1612,21.381094
1613,21.660078
1614,22.593765
1615,22.665653
1616,22.208849
1617,22.311693
1618,21.960836
1619,22.194271
1620,21.922453
1621,21.52534
1622,21.494677
1623,21.669073
1624,21.439585
1625,21.659508
1626,21.66371
1627,21.932516
1628,21.797264
1629,21.11329
1630,22.791111
1631,21.482119
1632,22.327272
1633,21.62933
1634,22.004038
1635,21.884537
1636,22.041937
1637,21.849598
1638,22.240732
1639,21.890718
1640,21.96517
1641,22.384089
1642,21.901354
1643,21.973452
1644,22.251251
1645,21.609135
1646,21.954582
1647,22.206377
1648,21.487648
1649,21.996637
1650,21.962557
1651,21.56684
1652,21.899948
1653,22.556719
1654,22.355202
1655,22.338566
1656,21.996588
1657,21.911465
1658,21.890503
1659,22.500792
1660,22.331121
1661,21.986345
1662,22.32695
1663,22.148495
1664,22.291761
1665,22.13786
1666,21.751045
1667,21.963661
1668,21.867348
1669,22.53672
1670,21.937819
1671,21.613733
1672,21.635332
1673,21.79334
1674,22.277843
1675,21.365837
1676,21.974722
1677,22.611336
1678,22.497509
1679,22.333975
1680,21.945492
1681,21.632057
1682,21.731766
1683,22.464119
1684,22.120104
1685,22.327225
1686,22.018536
1687,21.678745
1688,22.448572
1689,22.119473
1690,21.879883
1691,21.703863
1692,22.294111
1693,22.34354
1694,21.680365
1695,21.753883
1696,22.016699
1697,21.594566
1698,22.029793
1699,22.312883
1700,22.276457
1701,22.013817
1702,21.752062
1703,22.346046
1704,22.119667
1705,21.449972
1706,21.980282
1707,22.163916
1708,22.110252
1709,22.203262
1710,22.614573
1711,21.412256
1712,21.902311
1713,21.805054
1714,21.690262
1715,22.100336
1716,22.260645
1717,21.868649
1718,22.532824
1719,21.363668
1720,21.686888
1721,22.41735
1722,21.997862
1723,22.541357
1724,21.888815
1725,22.129982
1726,22.063784
1727,22.607872
1728,22.315289
1729,22.088587
1730,21.822329
1731,21.548676
1732,22.322918
1733,22.230137
1734,22.15022
1735,22.351173
1736,22.244173
1737,22.550034
1738,22.484833
1739,22.697075
1740,21.68637
1741,21.315918
1742,21.470413
1743,22.661417
1744,21.938475
1745,22.410625
1746,22.285809
1747,21.247963
1748,21.763048
1749,22.14994
1750,22.250391
1751,22.484556
1752,22.257565
1753,22.233934
1754,22.076847
1755,22.012594
1756,21.382921
1757,22.118649
1758,21.947254
1759,22.09945
1760,22.485561
1761,21.398668
1762,22.2739
1763,22.506989
1764,22.255232
1765,21.496283
1766,22.061167
1767,22.054605
1768,22.572052
1769,22.10443
1770,21.817526
1771,21.563814
1772,22.37079
1773,21.748016
1774,22.035624
1775,22.062635
1776,22.285608
1777,22.777254
1778,21.745527
1779,22.132586
1780,22.34389
1781,22.38751
1782,22.280815
1783,22.26612
1784,22.177248
1785,21.579235
1786,21.682018
1787,22.03736
1788,21.866272
1789,21.988129
1790,22.104456
1791,21.477152
1792,21.980595
1793,21.897238
1794,22.384232
1795,21.818148
1796,22.055355
1797,21.169281
1798,22.269972
1799,22.188793
1800,21.839672
1801,22.419373
1802,22.39264
1803,22.189571
1804,21.92961
1805,21.939991
1806,21.632732
1807,22.08505
1808,22.151144
1809,21.997868
1810,21.524893
1811,21.879438
1812,22.230434
1813,21.476332
1814,22.413023
1815,22.054213
1816,22.124422
1817,22.291649
1818,22.510084
1819,21.682896
1820,21.886814
1821,22.61567
1822,22.319952
1823,22.148518
1824,22.467209
1825,22.534788
1826,21.688047
1827,22.029665
1828,21.796816
1829,21.970148
1830,22.24543
1831,21.859325
1832,21.867805
1833,21.928833
1834,22.096783
1835,22.663183
1836,22.306139
1837,21.795174
1838,22.017443
1839,21.477533
1840,21.529907
1841,22.609472
1842,22.266972
1843,21.730211
1844,22.60979
1845,21.906755
1846,22.472609
1847,22.333117
1848,22.433174
1849,22.528149
1850,22.459167
1851,22.056686
1852,21.779358
1853,22.424885
1854,22.581387
1855,22.070316
1856,22.411547
1857,21.884014
1858,22.191313
1859,22.136793
1860,21.706081
1861,21.851517
1862,22.170692
1863,21.85691
1864,21.446968
1865,22.32463
1866,22.366653
1867,22.244026
1868,22.668915
1869,22.101057
1870,22.369087
1871,21.658869
1872,22.085241
1873,21.844593
1874,21.643541
1875,21.81056
1876,21.9021
1877,22.015017
1878,22.22039
1879,22.272734
1880,21.636896
1881,21.854612
1882,21.911915
1883,22.017145
1884,22.543335
1885,22.229652
1886,21.857685
1887,21.541054
1888,22.00206
1889,22.187712
1890,22.147562
1891,21.480402
1892,21.970097
1893,21.691786
1894,21.924786
1895,22.206139
1896,21.663273
1897,21.685705
1898,22.21505
1899,21.627197
1900,22.482395
1901,21.578867
1902,21.706257
1903,22.312923
1904,21.695011
1905,21.843744
1906,21.899073
1907,21.98182
1908,22.680647
1909,21.772135
1910,21.618177
1911,21.617397
1912,21.53845
1913,21.677013
1914,22.427732
1915,22.528503
1916,21.596651
1917,21.952473
1918,21.597061
1919,22.186155
1920,22.68398
1921,21.875185
1922,22.214941
1923,22.302794
1924,21.655842
1925,22.29169
1926,21.849407
1927,22.198038
1928,21.911423
1929,21.595078
1930,21.24016
1931,21.697868
1932,21.956877
1933,21.404478
1934,22.268852
1935,21.917448
1936,21.839003
1937,22.245943
1938,21.536438
1939,22.523956
1940,21.801222
1941,21.669575
1942,22.131245
1943,22.157318
1944,22.437757
1945,21.714384
1946,22.451632
1947,22.359627
1948,22.2991
1949,22.574543
1950,22.097927
1951,21.51655
1952,22.144602
1953,21.28968
1954,21.758152
1955,22.083893
1956,22.496555
1957,21.650915
1958,22.35426
1959,21.887716
1960,21.376904
1961,21.956581
1962,21.95603
1963,22.34887
1964,22.320097
1965,22.014633
1966,22.433056
1967,21.68099
1968,21.828197
1969,21.646847
1970,21.418646
1971,22.044548
1972,21.96437
1973,22.43725
1974,21.727262
1975,22.486683
1976,22.011906
1977,21.745926
1978,22.328129
1979,21.973703
1980,21.839127
1981,22.348978
1982,22.398207
1983,22.26099
1984,22.07112
1985,22.218525
1986,21.473492
1987,21.391672
1988,21.839455
1989,21.689812
1990,22.378925
1991,21.98797
1992,22.445349
1993,21.529346
1994,22.1759
1995,21.571299
1996,21.485294
1997,22.336773
1998,21.775558
1999,22.5361
2000,21.60195
2001,22.040117
2002,21.850227
2003,21.907341
2004,21.483976
2005,21.756765
2006,21.588413
2007,21.96366
2008,22.382273
2009,22.371355
2010,22.125523
2011,22.535624
2012,22.405869
2013,21.600393
2014,21.272085
2015,21.872091
2016,22.14921
2017,22.22415
2018,21.966616
2019,21.937048
2020,21.592703
2021,21.71624
2022,22.346596
2023,21.791231
2024,21.62752
2025,22.140848
2026,22.195833
2027,22.294018
2028,22.123432
2029,21.989542
2030,22.480595
2031,21.638071
2032,21.644148
2033,21.580797
2034,22.086494
2035,22.38888
2036,22.28493
2037,22.162285
2038,21.964336
2039,21.390621
2040,22.338074
2041,21.932745
2042,22.035786
2043,22.25682
2044,21.399202
2045,21.919706
2046,21.693388
2047,21.861658
2048,21.489939
2049,22.791805
2050,22.183786
2051,21.673422
2052,22.424973
2053,21.969276
2054,22.403452
2055,21.82614
2056,21.920946
2057,21.857172
2058,22.607355
2059,22.53634
2060,22.147676
2061,22.432432
2062,21.613327
2063,22.13147
2064,22.441116
2065,21.530272
2066,22.009796
2067,22.313532
2068,21.990196
2069,21.601854
2070,22.191399
2071,21.286438
2072,22.163912
2073,22.27856
2074,22.275064
2075,21.965944
2076,21.83713
2077,21.67439
2078,21.910017
2079,22.242422
2080,22.109388
2081,22.141512
2082,22.205368
2083,22.055819
2084,21.773111
2085,21.8376
2086,21.409084
2087,22.356047
2088,22.089365
2089,22.470236
2090,22.538546
2091,22.155573
2092,21.8885
2093,22.16619
2094,21.50995
2095,21.68401
2096,21.776093
2097,21.947792
2098,22.605337
2099,22.064606
2100,21.556614
2101,21.796936
2102,22.5551
2103,22.53352
2104,21.838024
2105,22.031248
2106,21.908764
2107,21.210619
2108,21.620832
2109,21.916098
2110,21.782299
2111,21.971529
2112,21.655504
2113,22.574295
2114,22.08446
2115,22.500181
2116,21.844376
2117,22.126219
2118,21.957947
2119,22.37151
2120,22.314821
2121,21.958912
2122,22.212536
2123,21.804125
2124,22.402039
2125,21.363794
2126,21.692848
2127,21.784378
2128,22.039354
2129,22.010725
2130,21.692211
2131,21.28366
2132,21.563498
2133,21.653006
2134,22.665947
2135,22.340889
2136,21.938131
2137,22.2197
2138,21.93092
2139,21.343996
2140,21.805569
2141,21.776321
2142,21.74089
2143,22.0577
2144,21.74864
2145,21.895992
2146,21.940395
2147,21.652054
2148,21.92686
2149,21.357666
2150,21.467924
2151,21.785917
2152,21.960844
2153,22.178856
2154,21.260971
2155,22.30503
2156,22.48922
2157,22.263885
2158,21.38336
2159,22.072634
2160,22.362953
2161,21.827026
2162,21.964895
2163,21.88586
2164,21.753729
2165,22.108635
2166,22.199757
2167,22.500538
2168,21.788132
2169,22.373093
2170,21.990562
2171,21.693832
2172,21.808998
2173,22.34641
2174,22.312513
2175,22.438969
2176,22.22511
2177,22.020533
2178,22.423018
2179,21.966797
2180,22.649464
2181,21.835829
2182,22.363054
2183,21.986034
2184,22.659441
2185,21.627966
2186,22.461315
2187,22.059406
2188,22.06676
2189,21.957241
2190,22.81939
2191,22.009594
2192,22.09196
2193,21.760502
2194,22.686039
2195,22.210861
2196,21.935253
2197,21.776733
2198,21.561237
2199,22.08992
2200,22.505896
2201,21.99807
2202,22.083643
2203,21.690441
2204,21.82499
2205,21.145788
2206,22.131748
2207,21.527075
2208,22.63418
2209,22.038654
2210,22.46077
2211,21.359629
2212,21.78851
2213,22.174799
2214,21.576351
2215,22.268423
2216,21.90645
2217,21.829973
2218,22.432373
2219,21.513268
2220,22.530506
2221,22.871046
2222,21.90282
2223,22.170952
2224,22.352829
2225,21.841799
2226,22.267645
2227,21.866436
2228,21.815083
2229,21.803507
2230,22.631205
2231,22.20174
2232,21.88219
2233,22.172909
2234,21.738682
2235,21.893934
2236,22.088099
2237,21.554035
2238,21.936857
2239,21.726746
2240,22.12295
2241,22.194208
2242,21.763268
2243,22.571692
2244,21.48039
2245,22.766338
2246,21.571177
2247,22.555258
2248,21.640316
2249,22.121284
2250,21.50087
2251,21.695093
2252,21.872456
2253,21.932981
2254,22.186026
2255,22.282543
2256,22.261683
2257,21.994112
2258,22.421722
2259,22.144978
2260,21.844868
2261,22.080215
2262,21.57782
2263,22.24978
2264,22.04921
2265,22.80123
2266,22.44578
2267,21.304953
2268,21.995031
2269,22.32695
2270,21.474407
2271,21.652767
2272,22.419304
2273,21.780787
2274,22.340971
2275,21.859982
2276,22.151247
2277,22.132992
2278,21.97482
2279,21.567482
2280,21.777008
2281,22.247675
2282,21.443998
2283,21.807962
2284,21.982697
2285,22.12039
2286,21.805752
2287,22.282934
2288,22.504154
2289,22.308558
2290,21.788727
2291,22.436407
2292,21.635557
2293,22.385094
2294,22.839622
2295,21.848797
2296,22.020866
2297,22.145586
2298,21.50308
2299,22.032745
2300,22.061153
2301,21.761465
2302,22.28971
2303,22.49397
2304,22.01922
2305,22.21072
2306,22.257017
2307,21.850676
2308,21.529282
2309,22.20189
2310,22.0862
2311,21.75222
2312,21.5054
2313,22.060534
2314,22.384043
2315,22.2913
2316,21.926159
2317,22.29774
2318,21.762619
2319,21.58939
2320,21.983957
2321,22.483627
2322,21.543411
2323,21.870102
2324,22.082727
2325,22.447119
2326,22.605637
2327,22.582005
2328,22.096834
2329,21.87482
2330,21.614674
2331,22.62672
2332,21.979872
2333,21.99707
2334,21.887848
2335,21.76168
2336,22.056026
2337,22.049383
2338,21.590698
2339,22.576344
2340,21.846994
2341,21.890312
2342,22.522303
2343,22.180141
2344,21.733269
2345,22.056185
2346,22.584362
2347,21.698284
2348,21.620117
2349,22.138184
