3,22.196146
4,22.030788
5,22.133074
6,22.29066
7,22.08954
8,21.730318
9,22.152756
10,21.894619
11,22.03183
12,22.135004
13,22.42699
14,22.303675
15,22.176666
16,22.082533
17,21.924103
18,21.873198
19,21.947393
20,21.979702
21,22.284868
22,22.181396
23,22.001438
24,21.732578
25,22.132313
26,22.14189
27,21.14276
28,20.339071
29,21.016068
30,20.654945
31,20.792858
32,20.956749
33,20.57996
34,20.778515
35,20.75037
36,21.247473
37,20.587378
38,20.72804
39,20.552065
40,20.701195
41,20.778198
42,21.027973
43,20.337809
44,19.243479
45,20.039461
46,20.134714
47,20.128508
48,20.287422
49,19.885347
50,19.427362
51,19.947866
52,20.331562
53,20.047277
54,19.915607
55,20.074476
56,19.646042
57,20.103357
58,20.186058
59,19.73954
60,19.86095
61,20.28671
62,20.282495
63,19.65419
64,19.905525
65,19.612814
66,20.118149
67,20.358917
68,19.636858
69,19.436289
70,19.913807
71,19.939383
72,20.086351
73,19.871422
74,19.992432
75,20.379297
76,20.03155
77,20.129145
78,19.720564
79,20.324661
80,20.04198
81,20.042479
82,19.849474
83,19.464556
84,19.671968
85,19.986807
86,19.732803
87,20.076118
88,20.230642
89,19.596504
90,19.960627
91,20.112072
92,19.920174
93,20.109701
94,19.857449
95,20.427296
96,20.329153
97,19.523508
98,20.426394
99,20.270056
100,20.26143
101,20.272797
102,20.22615
103,21.57468
104,22.086117
105,21.5477
106,21.780111
107,22.031393
108,21.832668
109,21.873459
110,21.648184
111,22.09033
112,21.746046
113,22.036936
114,22.095207
115,22.344566
116,22.092796
117,21.105225
118,20.795927
119,20.801083
120,21.017262
121,20.917253
122,20.897022
123,20.909502
124,20.962162
125,21.237478
126,20.958942
127,20.704832
128,20.953432
129,21.08181
130,21.019789
131,20.99068
132,20.71538
133,20.604795
134,20.770578
135,20.772604
136,20.773722
137,20.610151
138,20.77827
139,20.563248
140,20.98268
141,20.771955
142,20.781868
143,20.931572
144,20.588312
145,20.757624
146,20.563015
147,20.990452
148,20.923359
149,20.563515
150,20.755606
151,20.722736
152,20.811365
153,21.12664
154,20.779564
155,20.761898
156,20.587458
157,20.97456
158,20.41909
159,20.661934
160,21.059395
161,21.00438
162,20.841259
163,20.7772
164,20.616295
165,20.781343
166,20.818407
167,20.959124
168,20.836624
169,20.584185
170,20.831453
171,20.824835
172,20.582127
173,20.704351
174,20.337534
175,20.790318
176,20.79639
177,20.795752
178,20.879435
179,20.749554
180,20.603706
181,21.07542
182,20.737139
183,20.514235
184,20.575935
186,21.005579
186,21.335716
187,20.77723
188,20.78487
189,21.001293
190,20.56954
191,20.534786
192,20.874212
193,20.540989
194,20.975924
195,20.670338
196,20.788954
197,20.73952
198,20.762554
199,20.404762
200,20.55476
201,20.775152
202,20.588676
203,21.131676
204,21.188131
205,20.912447
206,20.537645
207,20.747185
208,21.214046
209,20.830353
210,20.99024
211,20.521708
212,20.35741
213,20.79558
214,20.758936
215,20.737226
216,20.774332
217,20.603415
218,20.83165
219,20.853441
220,21.00061
221,20.635471
222,20.829533
223,20.756456
224,20.402859
225,20.633005
226,20.749834
227,21.171354
228,20.638819
229,20.791824
230,20.92419
231,20.570541
232,20.322765
233,20.858864
234,20.322424
235,20.766018
236,20.572971
237,20.758884
238,21.013596
239,21.223715
240,20.823904
241,21.212616
242,21.010553
243,20.811516
244,20.615808
245,20.393562
246,20.796911
247,20.58465
248,20.780588
249,20.663843
250,20.804705
251,20.517014
252,20.568607
253,20.762875
254,20.953608
255,20.85233
256,20.99572
257,20.937727
258,20.843588
259,20.598162
260,20.901985
261,20.622879
262,20.772697
263,20.870472
264,20.776163
265,20.729715
266,20.822702
267,20.332706
268,20.785624
269,20.807629
270,21.025908
271,21.001926
272,20.963932
273,20.816494
274,20.325886
275,20.855537
276,20.561676
277,21.149504
278,20.83171
279,20.78884
280,20.827524
281,20.363523
282,20.753548
283,20.664051
284,20.946934
285,20.820078
286,20.766382
287,20.73312
288,21.062147
289,20.3659
290,20.719086
291,20.9524
292,20.42863
293,20.660067
294,20.903715
295,20.813908
296,20.766994
297,20.856918
298,21.19822
299,20.780453
300,21.026888
301,20.733072
302,20.822475
303,20.53857
304,20.616789
305,20.739655
306,20.807098
307,20.596289
308,20.761095
309,20.632061
310,20.748363
311,21.026785
312,20.389729
313,21.038208
314,20.826546
315,20.477097
316,20.569159
317,20.790302
318,20.863552
319,21.01841
320,20.804567
321,20.527893
322,20.831718
323,20.375053
324,20.669228
325,20.554556
326,20.564346
327,20.573067
328,21.00154
329,20.541403
330,21.019136
331,20.743582
332,20.746645
333,20.741676
334,20.708527
335,20.372507
336,20.777845
337,20.635992
338,21.006325
339,20.601854
340,20.769833
341,20.986586
342,20.76229
343,20.845411
344,20.765097
345,21.233728
346,20.791876
347,20.620003
348,20.794035
349,20.71869
350,20.581654
351,20.58867
352,21.065172
353,20.769964
354,21.211174
355,20.577166
356,21.123623
357,20.962475
358,20.966894
359,20.963041
360,20.894789
361,20.976488
362,21.008904
363,20.945238
364,20.57192
365,20.99895
366,20.572388
367,20.803192
368,20.757326
369,20.760666
370,20.924477
371,20.644892
372,21.073036
373,20.788288
374,20.590315
375,20.441248
376,20.595556
377,21.037498
378,21.175406
379,20.837214
380,20.761902
381,20.823738
382,21.229544
383,21.183762
384,20.620815
385,20.587833
386,20.800606
387,20.763582
388,20.756788
389,20.774391
390,21.20592
391,21.01698
392,21.050285
393,20.579634
394,20.793997
395,20.81256
396,20.756413
397,20.557587
398,20.896315
399,20.779661
400,20.799929
401,20.783775
402,20.777262
403,20.448204
404,21.183561
405,20.993567
406,20.999027
407,20.842764
408,20.53884
409,20.983686
410,21.172731
411,20.527712
412,20.99146
413,20.92067
414,20.760775
415,20.997278
416,20.814423
417,20.82759
418,20.69386
419,21.154613
420,20.504938
421,20.540983
422,20.507042
423,20.733887
424,20.73232
425,20.713898
426,20.756542
427,21.237734
428,20.726683
429,20.84113
430,20.972271
431,20.805107
432,21.007214
433,20.756523
434,20.726835
435,20.962908
436,20.666046
437,20.917095
438,20.768034
439,21.17995
440,20.754667
441,20.99144
442,20.949986
443,20.662476
444,20.540527
445,20.848701
446,20.931795
447,20.364202
448,20.328926
449,21.01446
450,20.983269
451,20.56239
452,20.552645
453,20.825096
454,21.244967
455,20.786543
456,20.792818
457,20.987587
458,20.775038
459,20.902012
460,20.777504
461,20.51927
462,20.794083
463,20.788876
464,20.754343
465,20.726492
466,20.94285
467,20.57502
468,20.783024
469,20.544197
470,20.798172
471,20.94205
472,21.020723
473,20.526758
474,20.817825
475,20.847647
476,20.913834
477,20.999908
478,20.78284
479,20.77559
480,20.999825
481,20.922796
482,20.50109
483,20.43988
484,20.968412
485,20.421803
486,21.00284
487,20.911959
488,20.761316
489,20.57783
490,20.635386
491,20.961542
492,20.566805
493,20.827547
494,20.97397
495,20.50517
496,20.536573
497,20.958956
498,20.33776
499,20.95522
500,20.729828
501,20.948048
502,20.784225
503,20.667618
504,20.54229
505,20.819988
506,20.769293
507,20.956572
508,20.536732
509,20.976215
510,20.956818
511,20.760386
512,20.612566
513,20.321611
514,20.584726
515,20.93812
516,20.718977
517,20.555618
518,21.027597
519,21.148226
520,21.007729
521,20.691359
522,20.844385
523,20.528471
524,20.539015
525,20.65146
526,20.57974
527,20.762558
528,21.177034
529,20.997797
530,20.765001
531,20.85134
532,21.181564
533,20.805687
534,21.036484
535,20.708778
536,21.000124
537,21.15304
538,20.850534
539,20.716278
540,20.673454
541,20.790733
542,20.573355
543,20.521187
544,20.617178
545,20.764605
546,20.533743
547,20.773407
548,20.546919
549,20.567831
550,20.820555
551,20.963089
552,21.020227
553,20.497345
554,20.59156
555,20.957582
556,20.602137
557,20.742104
558,20.94427
559,20.582455
560,20.633888
561,21.211609
562,20.844004
563,21.026459
564,21.161705
565,20.782885
566,20.757675
567,20.775145
568,20.531458
569,20.33617
570,20.832804
571,21.014948
572,20.383999
573,20.727179
574,20.605896
575,20.852074
576,20.766773
577,20.433538
578,20.442707
579,20.813965
580,20.922407
581,21.176247
582,21.045368
583,21.004545
584,20.564884
585,20.78886
586,20.769909
587,20.748545
588,20.95276
589,20.558395
590,21.187773
591,20.758741
592,20.763914
593,20.543077
594,20.848076
595,20.762846
596,20.975529
597,20.809961
598,20.588161
599,20.547749
600,20.557983
601,20.838722
602,20.582434
603,20.788664
604,20.620638
605,21.004255
606,20.954187
607,20.738003
608,20.790514
609,20.374645
610,21.06167
611,20.798409
612,20.656382
613,20.958014
614,20.611206
615,20.78086
616,20.387608
617,20.995749
618,21.02921
619,20.824913
620,20.963947
621,20.976593
622,20.785484
623,20.822565
624,20.491924
625,20.648806
626,20.815691
627,21.04692
628,20.547546
629,20.360258
630,20.51897
631,21.032127
632,20.560057
633,20.882133
634,20.825363
635,20.972378
636,20.57943
637,20.749866
638,20.828789
639,20.779354
640,20.9695
641,20.608616
642,21.142887
643,20.664934
644,21.2003
645,21.202394
646,20.597946
647,21.224192
648,20.765394
649,21.14354
650,20.813581
651,20.993996
652,20.543154
653,20.599096
654,21.039293
655,20.83879
656,20.980276
657,20.520931
658,20.983297
659,20.734324
660,20.603235
661,20.77698
662,20.736397
663,21.20266
664,21.1845
665,20.753654
666,21.180433
667,20.57219
668,20.741873
669,21.025871
670,20.302505
671,21.250145
672,20.315308
673,20.927727
674,20.77535
675,20.811182
676,20.616293
677,20.944084
678,20.75326
679,20.359793
680,21.009464
681,20.864338
682,20.95736
683,20.773552
684,21.036089
685,20.5753
686,20.74359
687,20.797773
688,20.761581
689,20.950262
690,20.823269
691,20.955748
692,20.777887
693,20.341248
694,20.83643
695,20.375944
696,20.564579
697,20.799492
698,21.151243
699,20.369001
700,21.216646
701,21.244236
702,20.525812
703,20.586119
704,20.7365
705,20.868563
706,21.0263
707,20.955057
708,20.459322
709,20.796247
710,20.57239
711,20.566355
712,20.574198
713,20.769537
714,20.390388
715,20.840189
716,20.83005
717,20.765875
718,20.601856
719,20.826284
720,20.67
721,20.49135
722,20.716558
723,20.7767
724,20.384125
725,20.659153
726,21.016096
727,20.584858
728,20.554485
729,20.80287
730,21.00585
731,20.57754
732,20.76518
733,20.780859
734,20.977072
735,20.8097
736,20.854713
737,20.784933
738,20.992199
739,20.494427
740,20.754698
741,20.999374
742,20.996372
743,20.57681
744,20.816198
745,20.540468
746,20.945929
747,20.64946
748,20.739307
749,20.861696
750,20.523281
751,20.766878
752,20.57846
753,21.038681
754,21.177402
755,21.14409
756,20.566383
757,20.724659
758,20.970043
759,20.998648
760,20.951551
761,20.562586
762,20.556784
763,20.967094
764,20.60411
765,20.745352
766,20.630991
767,21.007004
768,20.81383
769,20.669044
770,20.556025
771,20.39495
772,20.779787
773,20.770397
774,20.903976
775,20.93302
776,20.356318
777,20.768805
778,21.023867
779,20.629616
780,20.962852
781,20.990963
782,20.80657
783,21.009964
784,20.93063
785,20.586292
786,20.62859
787,20.56541
788,20.505873
789,20.561905
790,20.807386
791,20.56329
792,20.81007
793,20.759106
794,20.702063
795,20.83941
796,20.650171
797,20.791641
798,20.730213
799,20.579954
800,20.335043
801,20.395536
802,20.924526
803,21.168371
804,20.956602
805,20.761053
806,20.621513
807,20.587543
808,20.73147
809,20.792599
810,20.862843
811,20.776857
812,20.964392
813,20.559652
814,20.587633
815,20.95125
816,20.684885
817,20.776966
818,20.956177
819,20.730694
820,20.80504
821,21.175735
822,20.646103
823,20.971712
824,21.073435
825,20.803658
826,20.780333
827,20.9129
828,21.026627
829,20.759853
830,20.622173
831,20.333998
832,20.547993
833,20.773773
834,20.557646
835,20.551544
836,20.536427
837,20.948738
838,20.59354
839,20.992723
840,20.977573
841,21.08991
842,20.64783
843,20.96319
844,20.766602
845,20.778585
846,20.77483
847,20.789455
848,20.98368
849,20.921318
850,21.139856
851,20.504854
852,21.0094
853,20.792992
854,20.579275
855,20.416826
856,20.79184
857,20.876722
858,20.351643
859,20.950968
860,20.743755
861,20.749815
862,20.812466
863,20.736824
864,20.95259
865,20.54751
866,21.04991
867,20.616348
868,20.833725
869,20.921486
870,20.734112
871,21.011366
872,20.763763
873,20.558355
874,20.622128
875,20.958801
876,20.78836
877,20.606173
878,20.887955
879,20.7544
880,20.613096
881,20.984993
882,20.83298
883,21.00632
884,20.61038
885,20.784752
886,20.797983
887,20.628016
888,20.769886
889,20.826452
890,20.609642
891,20.973143
892,20.959015
893,20.587694
894,20.777597
895,20.319695
896,20.822147
897,20.962433
898,20.376118
899,20.81814
900,20.771807
901,20.576061
902,20.791231
903,20.337204
904,21.010828
905,21.016344
906,20.78726
907,21.014065
908,21.239786
909,20.628407
910,20.648289
911,20.807182
912,21.164286
913,20.734928
914,20.703794
915,20.573853
916,20.33744
917,20.743418
918,20.97446
919,20.931969
920,20.722662
921,20.979591
922,20.75548
923,20.655886
924,20.936045
925,20.722897
926,20.61004
927,20.901392
928,20.4372
929,20.563124
930,20.607338
931,20.723942
932,20.96573
933,20.791674
934,20.532412
935,20.788559
936,21.135822
937,20.815063
938,20.993029
939,20.61196
940,20.78227
941,21.032022
942,21.059017
943,21.05705
944,20.741152
945,20.858147
946,21.031385
947,21.22612
948,20.787804
949,20.795174
950,21.016493
951,20.835033
952,20.556004
953,20.61815
954,20.798199
955,20.754185
956,20.55893
957,20.99198
958,20.764845
959,21.141954
960,20.762274
961,20.80697
962,20.604513
963,21.192966
964,21.030764
965,20.721195
966,20.709717
967,20.726488
968,20.747206
969,20.78799
970,20.930841
971,20.594301
972,20.712376
973,20.838003
974,20.81371
975,20.986032
976,20.801935
977,20.657635
978,20.55302
979,20.808987
980,21.00621
981,21.00552
982,20.75098
983,20.598516
984,20.83353
985,21.013634
986,21.019949
987,20.574026
988,20.715998
989,20.794992
990,20.811047
991,20.956316
992,20.606312
993,20.97781
994,21.212742
995,20.768164
996,20.60359
997,20.872412
998,20.764982
999,20.834936
1000,20.836544
1001,20.787132
1002,20.707823
1003,20.633564
1004,20.774052
1005,20.500467
1006,20.566416
1007,20.414873
1008,20.916111
1009,20.366634
1010,21.026445
1011,20.93822
1012,21.161304
1013,20.565481
1014,20.552599
1015,20.538176
1016,20.778654
1017,20.51905
1018,20.608303
1019,20.542295
1020,20.728407
1021,20.799084
1022,21.002039
1023,20.826925
1024,20.53069
1025,20.751461
1026,20.926275
1027,20.97732
1028,20.578985
1029,20.966282
1030,20.758575
1031,20.837122
1032,21.029692
1033,20.716562
1034,20.773539
1035,20.649174
1036,20.757036
1037,20.4853
1038,20.75984
1039,21.244707
1040,20.75603
1041,20.76429
1042,20.798363
1043,20.7394
1044,20.542809
1045,20.770592
1046,20.918697
1047,20.747572
1048,20.419302
1049,20.7863
1050,20.809565
1051,20.86549
1052,21.182606
1053,20.767855
1054,20.82037
1055,20.822615
1056,20.85129
1057,21.229952
1058,20.960018
1059,20.80608
1060,21.199955
1061,21.188131
1062,20.490208
1063,21.020031
1064,21.201225
1065,20.818386
1066,20.923372
1067,21.065304
1068,20.519516
1069,20.765493
1070,21.187086
1071,20.959694
1072,20.993654
1073,20.612589
1074,20.553381
1075,20.73059
1076,21.210825
1077,20.79894
1078,20.741411
1079,20.754318
1080,20.788275
1081,20.65291
1082,20.600317
1083,20.731249
1084,21.009077
1085,20.558569
1086,20.573395
1087,20.801256
1088,20.754326
1089,20.432951
1090,20.78807
1091,20.733995
1092,20.794237
1093,21.173674
1094,20.843554
1095,20.55376
1096,20.762514
1097,20.847383
1098,20.618237
1099,20.913513
1100,21.031754
1101,20.79768
1102,20.410934
1103,20.586678
1104,21.241465
1105,20.538677
1106,20.813984
1107,20.816404
1108,20.773964
1109,20.776558
1110,20.802437
1111,20.945503
1112,20.735851
1113,20.72536
1114,21.000107
1115,20.40021
1116,20.780289
1117,20.348656
1118,21.05279
1119,20.370373
1120,20.732609
1121,20.702486
1122,20.773079
1123,20.640463
1124,21.000376
1125,20.780087
1126,20.778856
1127,20.752064
1128,20.750254
1129,20.88955
1130,20.581856
1131,20.568508
1132,20.843071
1133,20.371529
1134,20.772236
1135,20.595272
1136,20.339008
1137,20.558067
1138,20.922832
1139,20.8449
1140,20.97335
1141,20.753178
1142,21.18566
1143,20.961248
1144,20.329777
1145,20.719091
1146,20.582884
1147,21.19045
1148,20.760208
1149,21.202738
1150,20.529966
1151,20.542305
1152,20.368818
1153,20.29491
1154,20.76683
1155,20.786707
1156,20.690058
1157,21.00813
1158,21.25606
1159,20.954283
1160,20.53478
1161,21.005249
1162,20.743065
1163,21.00907
1164,20.386534
1165,20.553316
1166,21.17856
1167,20.792435
1168,20.693739
1169,21.126253
1170,20.509434
1171,20.785034
1172,20.705652
1173,20.994772
1174,20.571632
1175,20.564854
1176,20.809069
1177,20.810516
1178,20.966871
1179,20.974487
1180,20.323631
1181,20.907602
1182,20.72418
1183,20.577915
1184,20.61848
1185,20.616703
1186,20.993568
1187,20.589987
1188,20.763416
1189,20.494076
1190,20.55887
1191,20.596138
1192,20.533018
1193,20.538343
1194,20.569397
1195,20.974974
1196,21.024797
1197,21.049122
1198,20.727509
1199,20.98196
1200,21.028887
1201,20.941263
1202,20.59873
1203,20.590553
1204,20.790895
1205,20.576733
1206,20.8079
1207,20.831505
1208,20.64153
1209,20.762384
1210,20.799204
1211,20.64476
1212,20.809519
1213,20.593784
1214,20.995716
1215,21.023878
1216,20.791168
1217,20.588934
1218,20.789991
1219,20.926119
1220,20.800365
1221,20.683544
1222,20.784746
1223,21.022175
1224,20.511557
1225,20.720823
1226,20.350698
1227,21.02627
1228,20.502098
1229,20.822887
1230,20.849092
1231,20.792547
1232,20.709568
1233,21.019886
1234,20.95049
1235,20.896051
1236,20.59037
1237,20.785172
1238,20.74015
1239,20.32859
1240,20.78719
1241,20.726624
1242,20.946417
1243,20.798662
1244,20.842142
1245,20.74154
1246,20.740252
1247,20.673439
1248,20.79615
1249,20.741058
1250,20.745455
1251,20.762238
1252,20.734959
1253,20.978062
1254,20.765017
1255,20.823359
1256,20.784292
1257,21.00469
1258,20.964643
1259,20.615835
1260,20.809473
1261,20.959251
1262,20.70288
1263,20.954634
1264,20.777258
1265,20.917719
1266,20.717094
1267,20.40355
1268,20.954626
1269,21.25127
1270,20.979385
1271,20.926538
1272,20.623468
1273,20.831987
1274,20.804773
1275,21.230251
1276,20.872953
1277,20.567091
1278,20.98176
1279,20.792244
1280,20.81819
1281,20.77969
1282,21.015291
1283,20.75929
1284,20.616064
1285,20.568243
1286,20.386837
1287,20.903143
1288,20.903032
1289,20.941086
1290,20.550808
1291,20.729132
1292,21.186516
1293,20.606842
1294,20.517393
1295,20.733593
1296,20.806845
1297,20.992464
1298,20.997633
1299,20.56035
1300,20.93871
1301,20.656649
1302,20.679111
1303,20.545103
1304,20.554731
1305,20.971994
1306,20.977972
1307,20.553768
1308,21.03299
1309,20.975578
1310,20.753569
1311,20.628052
1312,20.402485
1313,20.94351
1314,21.199814
1315,21.054329
1316,20.504835
1317,20.805882
1318,20.539068
1319,20.419632
1320,20.76412
1321,20.814095
1322,20.91909
1323,20.811014
1324,20.985998
1325,20.567373
1326,20.824938
1327,21.01901
1328,20.498245
1329,20.601982
1330,20.403908
1331,20.759819
1332,20.609848
1333,20.919563
1334,21.166395
1335,20.847717
1336,20.96447
1337,20.702888
1338,20.68827
1339,20.810032
1340,20.817722
1341,20.517973
1342,20.969664
1343,20.512611
1344,20.972504
1345,20.978233
1346,20.36706
1347,20.56562
1348,20.787958
1349,21.025442
1350,21.059443
1351,21.23674
1352,20.924288
1353,20.806147
1354,20.57832
1355,21.182495
1356,20.777727
1357,20.813576
1358,20.77523
1359,20.779158
1360,20.603222
1361,20.563541
1362,20.517395
1363,20.835075
1364,20.881617
1365,20.56428
1366,20.64067
1367,20.742493
1368,20.77955
1369,20.724977
1370,20.782475
1371,20.79638
1372,20.707596
1373,20.998672
1374,20.951336
1375,20.83396
1376,20.967205
1377,20.794508
1378,20.7985
1379,20.720463
1380,20.978556
1381,20.762424
1382,20.64628
1383,20.74207
1384,20.621668
1385,20.527164
1386,20.789793
1387,20.810125
1388,20.601244
1389,20.522808
1390,20.875053
1391,20.988083
1392,20.967417
1393,20.768675
1394,20.570152
1395,20.844614
1396,20.579798
1397,20.654121
1398,20.733833
1399,20.824501
1400,20.753551
1401,21.02013
1402,20.50863
1403,20.764704
1404,20.584867
1405,20.370205
1406,21.206411
1407,20.918207
1408,20.538034
1409,21.204079
1410,20.5948
1411,20.965336
1412,20.520763
1413,20.753988
1414,21.015152
1415,20.764042
1416,20.91778
1417,20.990282
1418,20.632956
1419,20.980768
1420,20.768778
1421,20.793125
1422,20.584417
1423,20.521322
1424,20.939114
1425,20.756361
1426,21.03655
1427,20.753805
1428,20.793924
1429,20.80253
1430,20.750235
1431,20.593174
1432,20.702515
1433,20.817627
1434,20.589705
1435,20.685207
1436,20.698835
1437,20.578588
1438,20.73304
1439,20.80949
1440,20.51787
1441,20.6719
1442,20.79147
1443,20.513706
1444,21.148867
1445,20.566658
1446,21.007542
1447,20.713646
1448,20.940954
1449,20.985975
1450,21.134426
1451,20.792816
1452,20.515978
1453,20.529152
1454,21.046427
1455,20.819115
1456,20.959032
1457,20.8489
1458,20.979393
1459,20.670116
1460,20.731123
1461,20.983173
1462,20.99751
1463,20.81648
1464,20.746038
1465,21.010792
1466,20.779726
1467,21.00813
1468,21.245771
1469,20.949835
1470,20.426193
1471,20.577948
1472,20.72194
1473,21.038261
1474,20.95344
1475,20.763315
1476,20.383455
1477,20.776386
1478,20.642506
1479,21.150953
1480,21.003418
1481,20.427406
1482,20.701056
1483,20.531698
1484,20.836323
1485,20.755302
1486,20.916594
1487,21.15218
1488,20.599932
1489,20.896305
1490,20.854006
1491,20.507586
1492,20.752323
1493,21.033352
1494,20.524147
1495,20.62055
1496,20.62413
1497,20.605753
1498,20.785591
1499,20.789463
1500,20.51059
1501,20.595915
1502,20.555122
1503,21.154846
1504,20.752857
1505,20.803825
1506,20.837599
1507,20.931492
1508,21.012314
1509,20.702417
1510,21.007719
1511,20.950567
1512,20.911057
1513,20.542017
1514,21.027218
1515,20.979103
1516,20.711838
1517,20.625364
1518,20.570368
1519,20.762424
1520,20.774837
1521,20.962078
1522,20.775612
1523,20.982107
1524,20.972488
1525,20.59407
1526,20.542936
1527,20.756481
1528,20.519905
1529,20.621145
1530,20.794952
1531,20.762245
1532,20.772596
1533,20.834059
1534,20.73908
1535,20.797096
1536,20.994026
1537,20.562717
1538,20.80418
1539,20.846594
1540,20.75063
1541,20.751442
1542,20.339624
1543,20.85574
1544,21.210417
1545,20.513529
1546,20.678465
1547,21.119396
1548,20.964394
1549,20.991735
1550,20.823374
1551,20.41543
1552,20.783646
1553,20.852911
1554,20.986004
1555,21.055721
1556,20.620886
1557,20.691103
1558,20.542137
1559,20.821043
1560,20.536333
1561,20.593458
1562,20.743858
1563,20.801704
1564,20.714947
1565,20.542578
1566,20.980848
1567,20.755476
1568,20.947798
1569,21.161833
1570,21.006676
1571,20.98059
1572,20.606873
1573,20.6605
1574,20.625082
1575,20.749853
1576,20.790424
1577,20.790886
1578,20.5675
1579,21.026731
1580,20.777788
1581,20.846071
1582,20.776804
1583,20.573181
1584,20.559752
1585,20.831034
1586,20.810198
1587,20.519432
1588,20.96838
1589,20.934584
1590,20.7786
1591,21.000227
1592,20.94159
1593,21.017612
1594,21.005062
1595,21.003557
1596,20.58572
1597,20.645182
1598,20.991165
1599,21.06844
1600,20.832647
1601,20.58315
1602,20.940968
1603,20.57567
1604,20.953117
1605,21.023087
1606,20.953997
1607,20.999767
1608,20.983175
1609,20.735432
1610,20.504276
1611,20.58228
1612,21.027735
1613,20.682455
1614,20.83607
1615,20.775333
1616,20.724285
1617,20.74354
1618,20.787651
1619,20.607601
1620,20.945448
1621,20.981165
1622,20.749071
1623,20.967993
1624,20.630192
1625,20.95373
1626,20.56532
1627,20.953735
1628,20.5824
1629,20.815777
1630,20.787527
1631,20.588793
1632,20.377308
1633,20.968609
1634,20.640047
1635,20.829334
1636,21.018757
1637,20.824926
1638,20.365557
1639,20.802126
1640,21.155231
1641,20.73401
1642,20.830307
1643,20.537825
1644,20.971228
1645,21.005932
1646,20.769346
1647,21.128439
1648,20.731964
1649,20.931225
1650,20.354698
1651,21.0058
1652,20.901766
1653,20.818022
1654,20.958084
1655,20.957119
1656,20.82632
1657,21.185318
1658,20.787237
1659,20.58455
1660,20.590595
1661,20.49583
1662,20.99677
1663,20.719975
1664,20.962086
1665,21.132057
1666,20.96791
1667,20.676638
1668,20.954115
1669,20.537596
1670,20.79528
1671,20.615572
1672,20.92352
1673,20.799335
1674,20.643766
1675,20.751085
1676,21.019215
1677,20.831825
1678,20.951788
1679,20.565899
1680,21.067291
1681,20.575562
1682,20.795248
1683,20.868872
1684,20.64897
1685,20.881504
1686,20.809607
1687,20.950191
1688,20.945715
1689,20.655184
1690,20.797194
1691,20.52307
1692,21.11303
1693,20.991379
1694,20.559124
1695,20.800955
1696,20.357084
1697,20.93191
1698,20.753626
1699,20.611828
1700,20.988913
1701,20.773893
1702,20.567005
1703,20.707626
1704,20.767141
1705,20.710066
1706,20.767279
1707,20.657473
1708,20.770716
1709,20.722519
1710,20.94216
1711,20.727629
1712,20.817945
1713,20.83539
1714,20.52467
1715,20.78619
1716,20.606306
1717,20.795065
1718,20.97841
1719,20.785397
1720,20.96774
1721,20.995552
1722,20.747498
1723,20.786001
1724,20.787476
1725,20.80801
1726,20.626154
1727,20.570078
1728,20.999031
1729,21.01729
1730,20.948315
1731,21.003769
1732,20.328442
1733,20.602526
1734,20.772568
1735,20.952627
1736,20.593178
1737,20.973686
1738,20.832064
1739,20.848665
1740,20.855207
1741,20.767708
1742,20.992073
1743,20.54574
1744,20.834171
1745,21.021036
1746,20.603865
1747,20.794252
1748,20.716997
1749,21.1068
1750,20.573547
1751,20.548836
1752,20.71176
1753,21.027727
1754,20.781784
1755,20.747261
1756,20.733217
1757,20.499805
1758,21.03378
1759,20.74132
1760,20.977268
1761,20.994225
1762,20.609976
1763,20.614382
1764,21.037191
1765,20.750576
1766,21.019056
1767,21.166895
1768,20.848364
1769,20.780184
1770,21.086563
1771,20.939293
1772,20.643873
1773,20.972559
1774,20.77607
1775,20.81756
1776,20.610804
1777,20.8266
1778,20.799328
1779,20.780123
1780,20.746532
1781,20.8802
1782,20.610682
1783,21.001347
1784,20.723223
1785,20.571907
1786,20.961853
1787,20.79128
1788,20.55782
1789,20.90213
1790,21.022552
1791,20.939192
1792,21.14557
1793,20.52742
1794,20.969364
1795,21.18289
1796,20.749504
1797,20.767143
1798,20.98958
1799,20.327343
1800,20.767567
1801,21.02911
1802,20.554163
1803,21.01271
1804,20.821709
1805,20.785454
1806,20.864193
1807,20.735735
1808,20.619337
1809,20.492826
1810,20.585072
1811,20.949892
1812,21.0005
1813,20.735117
1814,20.873919
1815,20.424553
1816,21.047829
1817,20.98358
1818,20.986345
1819,20.594767
1820,20.836472
1821,20.821194
1822,20.996544
1823,20.754723
1824,20.821417
1825,20.977299
1826,20.962196
1827,21.153418
1828,20.837551
1829,20.39781
1830,20.75155
1831,20.545387
1832,20.546623
1833,20.819443
1834,21.044722
1835,20.770695
1836,20.349457
1837,20.946507
1838,20.813187
1839,20.700516
1840,20.738739
1841,20.539783
1842,20.998177
1843,20.916153
1844,20.788923
1845,20.686361
1846,20.579647
1847,20.969254
1848,20.629265
1849,20.977345
1850,20.819284
1851,20.374792
1852,20.5225
1853,20.707111
1854,20.537518
1855,20.515337
1856,20.622358
1857,21.065762
1858,20.608501
1859,20.757895
1860,20.804878
1861,20.759014
1862,21.009377
1863,20.92152
1864,20.997139
1865,20.993622
1866,20.9548
1867,20.606506
1868,20.765415
1869,20.628464
1870,20.713621
1871,20.938713
1872,21.028814
1873,20.919596
1874,20.843884
1875,20.431198
1876,20.789589
1877,20.817839
1878,21.132767
1879,20.394043
1880,20.568241
1881,20.554276
1882,20.744335
1883,21.137247
1884,20.539616
1885,21.00364
1886,20.760498
1887,20.972868
1888,21.058231
1889,21.031218
1890,20.754173
1891,20.599789
1892,20.787806
1893,20.928102
1894,21.025108
1895,20.59368
1896,21.002893
1897,20.844679
1898,20.600344
1899,20.720331
1900,20.594128
1901,20.981234
1902,20.951952
1903,20.627596
1904,20.915676
1905,20.757996
1906,20.94382
1907,20.568403
1908,20.78352
1909,20.768654
1910,20.713583
1911,20.854898
1912,20.731876
1913,20.984032
1914,20.627392
1915,20.541666
1916,20.578127
1917,20.79841
1918,21.012283
1919,21.00038
1920,20.838259
1921,20.441505
1922,20.995693
1923,20.56717
1924,20.693684
1925,20.56374
1926,20.809748
1927,20.774345
1928,21.190472
1929,20.572266
1930,20.760845
1931,20.809904
1932,20.79123
1933,20.773335
1934,21.000507
1935,20.826618
1936,20.513302
1937,20.60771
1938,20.578304
1939,20.83393
1940,20.797625
1941,20.568462
1942,21.16111
1943,20.492563
1944,20.95394
1945,20.798307
1946,20.865791
1947,20.605797
1948,20.611502
1949,20.965126
1950,21.017504
1951,20.708769
1952,21.044476
1953,20.732262
1954,20.716751
1955,20.624762
1956,20.624327
1957,20.837004
1958,20.87917
1959,21.21726
1960,20.784777
1961,20.808708
1962,21.175093
1963,20.999678
1964,20.994032
1965,20.771753
1966,20.58425
1967,20.823471
1968,20.977812
1969,20.932686
1970,20.748434
1971,21.161713
1972,20.783829
1973,20.612738
1974,20.565672
1975,20.584927
1976,20.436176
1977,21.20532
1978,20.961905
1979,20.785986
1980,20.517042
1981,20.836115
1982,20.547806
1983,21.00048
1984,20.416475
1985,20.725204
1986,20.735512
1987,20.996029
1988,20.939388
1989,20.578852
1990,20.94941
1991,20.789263
1992,20.994997
1993,20.705055
1994,20.411846
1995,20.618795
1996,20.624525
1997,20.749065
1998,20.548716
1999,20.591803
2000,20.959686
2001,21.02224
2002,20.74857
2003,20.904232
2004,20.974285
2005,20.801828
2006,20.697794
2007,20.79423
2008,20.950705
2009,21.025356
2010,20.759111
2011,20.539185
2012,21.021353
2013,20.606327
2014,21.034937
2015,20.515663
2016,21.125183
2017,20.958778
2018,20.429829
2019,20.51721
2020,21.007824
2021,20.57276
2022,20.988398
2023,20.956936
2024,20.99868
2025,20.779
2026,21.031286
2027,21.04566
2028,21.016544
2029,20.35194
2030,20.824366
2031,20.677217
2032,20.975292
2033,20.994326
2034,20.744328
2035,20.558428
2036,20.323017
2037,20.719387
2038,21.030731
2039,20.778322
2040,21.001661
2041,20.942333
2042,20.654095
2043,21.01725
2044,21.01663
2045,20.393751
2046,20.844086
2047,20.835821
2048,20.975315
2049,20.792498
2050,20.767105
2051,20.820019
2052,20.988756
2053,20.670126
2054,20.6331
2055,20.952507
2056,20.934528
2057,20.517155
2058,20.536217
2059,20.544302
2060,21.004261
2061,20.624012
2062,20.96442
2063,20.760046
2064,20.86618
2065,20.874144
2066,20.549183
2067,20.996153
2068,20.63247
2069,20.929241
2070,20.599884
2071,20.75023
2072,20.752958
2073,20.551819
2074,20.602247
2075,20.819357
2076,20.767305
2077,21.207344
2078,20.819172
2079,21.15334
2080,20.746851
2081,20.760517
2082,20.609192
2083,20.770508
2084,20.562641
2085,20.938921
2086,20.765434
2087,20.956408
2088,20.519394
2089,20.82404
2090,20.824272
2091,20.600952
2092,20.76314
2093,20.644716
2094,20.586187
2095,20.568733
2096,20.802502
2097,21.026754
2098,20.540783
2099,21.20145
2100,21.00164
2101,20.836523
2102,20.56962
2103,20.969986
2104,20.782612
2105,20.385899
2106,20.797012
2107,20.79856
2108,20.981457
2109,20.789316
2110,20.401947
2111,21.174698
2112,20.857788
2113,20.964144
2114,20.733093
2115,20.98047
2116,20.540913
2117,21.020092
2118,20.506376
2119,20.639917
2120,20.964375
2121,20.766659
2122,20.76437
2123,20.546757
2124,20.988361
2125,21.033298
2126,20.97069
2127,20.800617
2128,20.763634
2129,20.998125
2130,20.963123
2131,20.72331
2132,20.97921
2133,20.719759
2134,20.562973
2135,20.635582
2136,20.395458
2137,20.760197
2138,20.680096
2139,20.761486
2140,20.803925
2141,20.956787
2142,20.552671
2143,20.732355
2144,20.584435
2145,20.662676
2146,21.02968
2147,20.995413
2148,20.814745
2149,21.036917
2150,20.941767
2151,20.534258
2152,20.91391
2153,21.000687
2154,20.796085
2155,20.553396
2156,20.587412
2157,20.994402
2158,20.727013
2159,21.151426
2160,20.984259
2161,20.7711
2162,20.543097
2163,20.971945
2164,20.931053
2165,21.05507
2166,21.015953
2167,20.794775
2168,20.794432
2169,20.701666
2170,20.747486
2171,20.569498
2172,20.954582
2173,21.027386
2174,20.980072
2175,20.94364
2176,20.748217
2177,20.377476
2178,20.795269
2179,20.814919
2180,20.528343
2181,20.830702
2182,20.986942
2183,20.783806
2184,20.802122
2185,20.984581
2186,20.580484
2187,20.376217
2188,20.824974
2189,21.066452
2190,20.76847
2191,21.035374
2192,20.367897
2193,20.552795
2194,20.525148
2195,20.718206
2196,20.768164
2197,20.80114
2198,20.86658
2199,20.532476
2200,20.964617
2201,21.181673
2202,20.48987
2203,21.212704
2204,20.55441
2205,20.770548
2206,20.972153
2207,20.737064
2208,20.534548
2209,20.812595
2210,20.600828
2211,20.779432
2212,20.516125
2213,21.00325
2214,20.582796
2215,21.028975
2216,20.783482
2217,20.74692
2218,20.57517
2219,20.999725
2220,20.61399
2221,20.739075
2222,20.826567
2223,20.786964
2224,20.985226
2225,20.55648
2226,20.953255
2227,20.587736
2228,20.831188
2229,20.98249
2230,20.56468
2231,20.733696
2232,20.55145
2233,20.575895
2234,20.974867
2235,20.795301
2236,21.175491
2237,20.735657
2238,20.81944
2239,21.002293
2240,20.733362
2241,20.769875
2242,20.531605
2243,20.808647
2244,20.730366
2245,20.798586
2246,20.607437
2247,20.850544
2248,20.606365
2249,20.758173
2250,20.689587
2251,20.960527
2252,20.951927
2253,20.800987
2254,20.366863
2255,20.859343
2256,20.742678
2257,20.890926
2258,20.544117
2259,21.049307
2260,21.08031
2261,21.051605
2262,20.684153
2263,20.978937
2264,20.733198
2265,20.722715
2266,20.950489
2267,20.744713
2268,20.777498
2269,20.63238
2270,20.59145
2271,20.970919
2272,20.542576
2273,20.55216
2274,20.996565
2275,20.761076
2276,21.01425
2277,20.643501
2278,20.946655
2279,20.975975
2280,21.183784
2281,20.578266
2282,20.743193
2283,20.960243
2284,21.18055
2285,20.777853
2286,20.768438
2287,20.562325
2288,20.967363
2289,20.596727
2290,20.800783
2291,20.57961
2292,20.979504
2293,21.002375
2294,20.755291
2295,20.514206
2296,20.34931
2297,21.01283
2298,20.768929
2299,20.775429
2300,20.7974
2301,20.795538
2302,20.986118
2303,20.583279
2304,20.779213
2305,20.963442
2306,20.618023
2307,20.751642
2308,20.934517
2309,20.753109
2310,20.368877
2311,21.233768
2312,20.605062
2313,20.49297
2314,21.012127
2315,20.892334
2316,20.5471
2317,20.601664
2318,20.564758
2319,20.60657
2320,21.17795
2321,20.819836
2322,21.002953
2323,20.505756
2324,20.775295
2325,20.833408
2326,20.569244
2327,20.95992
2328,20.623104
2329,20.795666
2330,21.243196
2331,20.815426
2332,21.064785
2333,20.34085
2334,21.20402
2335,20.55946
2336,20.711626
2337,20.659918
2338,20.972105
2339,20.815268
2340,21.195724
2341,20.801825
2342,20.81766
2343,20.408567
2344,20.687138
2345,20.740347
2346,20.809229
2347,20.95833
2348,20.847527
2349,20.758932
