3,-206.95404
4,-235.75954
5,-302.7596
6,-252.56749
7,-242.99681
8,-249.31683
9,-248.92075
10,-234.30876
11,-284.19855
12,-312.64325
13,-246.58234
14,-282.16354
15,-261.84662
16,-254.48236
17,-280.7965
18,-284.28265
19,-289.18433
20,-267.29156
21,-259.3558
22,-278.42572
23,-260.50647
24,-212.33426
25,-206.7896
26,-197.89906
27,-204.85112
28,-221.49869
29,-200.11807
30,-217.19823
31,-212.65904
32,-206.65349
33,-209.7453
34,-197.1645
35,-225.35916
36,-222.08012
37,-212.85687
38,-206.48305
39,-234.16814
40,-244.62201
41,-280.94263
42,-262.32867
43,-274.44287
44,-269.5707
45,-257.40375
46,-264.33057
47,-271.65457
48,-213.7034
49,-235.96964
50,-250.59457
51,-231.32661
52,-232.95198
53,-232.3887
54,-230.06326
55,-248.59537
56,-216.80727
57,-236.12413
58,-240.3354
59,-223.0552
60,-233.54402
61,-229.1572
62,-0.0
63,-0.0
64,-224.23355
65,-252.46107
66,-249.91534
67,-242.7212
68,-253.6363
69,-259.05103
70,-243.56648
71,-251.95503
72,-266.3223
73,-243.83443
74,-237.47105
75,-288.822
76,-199.73792
77,-0.0
78,-0.0
79,-0.0
80,-0.0
81,-0.0
82,-0.0
83,-0.0
84,-0.0
85,-0.0
86,-0.0
87,-0.0
88,-0.0
89,-0.0
90,-0.0
91,-0.0
92,-0.0
93,-0.0
94,-0.0
95,-0.0
96,-0.0
97,-0.0
98,-0.0
99,-0.0
100,-0.0
101,-0.0
102,-0.0
103,-0.0
104,-0.0
105,-0.0
106,-0.0
107,-0.0
108,-0.0
109,-0.0
110,-0.0
111,-0.0
112,-0.0
113,-0.0
114,-0.0
115,-0.0
116,-0.0
117,-0.0
118,-0.0
119,-0.0
120,-0.0
121,-0.0
122,-0.0
123,-0.0
124,-0.0
125,-0.0
126,-0.0
127,-0.0
128,-0.0
129,-0.0
130,-0.0
131,-0.0
132,-0.0
133,-0.0
134,-0.0
135,-0.0
136,-0.0
137,-0.0
138,-0.0
139,-0.0
140,-0.0
141,-0.0
142,-0.0
143,-0.0
144,-0.0
145,-0.0
146,-0.0
147,-0.0
148,-0.0
149,-0.0
150,-0.0
151,-0.0
152,-0.0
153,-0.0
154,-0.0
155,-0.0
156,-0.0
157,-0.0
158,-0.0
159,-0.0
160,-0.0
161,-0.0
162,-0.0
163,-0.0
164,-0.0
165,-0.0
166,-0.0
167,-0.0
168,-0.0
169,-0.0
170,-0.0
171,-0.0
172,-0.0
173,-0.0
174,-0.0
175,-0.0
176,-0.0
177,-0.0
178,-0.0
179,-0.0
180,-0.0
181,-0.0
182,-0.0
183,-0.0
184,-0.0
185,-0.0
186,-0.0
187,-0.0
188,-0.0
189,-0.0
190,-0.0
191,-0.0
192,-0.0
193,-0.0
194,-0.0
195,-0.0
196,-0.0
197,-0.0
198,-0.0
199,-0.0
200,-0.0
201,-0.0
202,-0.0
203,-0.0
204,-0.0
205,-0.0
206,-0.0
207,-0.0
208,-0.0
209,-0.0
210,-0.0
211,-0.0
212,-0.0
213,-0.0
214,-0.0
215,-0.0
216,-0.0
217,-0.0
218,-0.0
219,-0.0
220,-0.0
221,-0.0
222,-0.0
223,-0.0
224,-0.0
225,-0.0
226,-0.0
227,-0.0
228,-0.0
229,-0.0
230,-0.0
231,-0.0
232,-0.0
233,-0.0
234,-0.0
235,-0.0
236,-0.0
237,-0.0
238,-0.0
239,-0.0
240,-0.0
241,-0.0
242,-0.0
243,-0.0
244,-0.0
245,-0.0
246,-0.0
247,-0.0
248,-0.0
249,-0.0
250,-0.0
251,-0.0
252,-0.0
253,-0.0
254,-0.0
255,-0.0
256,-0.0
257,-0.0
258,-0.0
259,-0.0
260,-0.0
261,-0.0
262,-0.0
263,-0.0
264,-0.0
265,-0.0
266,-0.0
267,-0.0
268,-0.0
269,-0.0
270,-0.0
271,-0.0
272,-0.0
273,-0.0
274,-0.0
275,-0.0
276,-0.0
277,-0.0
278,-0.0
279,-0.0
280,-0.0
281,-0.0
282,-0.0
283,-0.0
284,-0.0
285,-0.0
286,-0.0
287,-0.0
288,-0.0
289,-0.0
290,-0.0
291,-0.0
292,-0.0
293,-0.0
294,-0.0
295,-0.0
296,-0.0
297,-0.0
298,-0.0
299,-0.0
300,-0.0
301,-0.0
302,-0.0
303,-0.0
304,-0.0
305,-0.0
306,-0.0
307,-0.0
308,-0.0
309,-0.0
310,-0.0
311,-0.0
312,-0.0
313,-0.0
314,-0.0
315,-0.0
316,-0.0
317,-0.0
318,-0.0
319,-0.0
320,-0.0
321,-0.0
322,-0.0
323,-0.0
324,-0.0
325,-0.0
