3,-152.95197
4,-215.54779
5,-216.96358
6,-234.79774
7,-232.82524
8,-226.89133
9,-229.02603
10,-228.42468
11,-250.00626
12,-258.90213
13,-193.56996
14,-121.03624
15,-224.08357
16,-209.97018
17,-217.74637
18,-220.41689
19,-232.05797
20,-218.04689
21,-222.8222
22,-214.32153
23,-222.56738
24,-199.70415
25,-193.27203
26,-192.16928
27,-200.63821
28,-193.09877
29,-204.55354
30,-209.46527
31,-177.0012
32,-213.08435
33,-198.87071
34,-198.85927
35,-199.53249
36,-190.6656
37,-207.83182
38,-195.52629
39,-200.23126
40,-196.98396
41,-232.75468
42,-201.28229
43,-224.6956
44,-222.45454
45,-221.7943
46,-211.793
47,-222.36757
48,-187.47423
49,-16.572647
50,-243.25676
51,-219.11621
52,-225.67009
53,-222.26028
54,-217.54234
55,-218.47511
56,-190.0077
57,-225.10956
58,-228.33214
59,-201.65375
60,-221.5342
61,-204.71985
62,-224.73701
63,-154.039
64,-0.0
65,-73.89114
66,-200.05615
67,-210.27527
68,-218.06015
69,-217.94655
70,-222.58247
71,-209.85008
72,-213.3863
73,-216.58081
74,-203.06221
75,-221.02325
76,-206.3469
77,-0.0
78,-0.0
79,-0.0
80,-0.0
81,-0.0
82,-0.0
83,-0.0
84,-0.0
85,-0.0
86,-0.0
87,-0.0
88,-0.0
89,-0.0
90,-0.0
91,-0.0
92,-0.0
93,-0.0
94,-0.0
95,-0.0
96,-0.0
97,-0.0
98,-0.0
99,-0.0
100,-0.0
101,-0.0
102,-0.0
103,-0.0
104,-0.0
105,-0.0
106,-0.0
107,-0.0
108,-0.0
109,-0.0
110,-0.0
111,-0.0
112,-0.0
113,-0.0
114,-0.0
115,-0.0
116,-0.0
117,-0.0
118,-0.0
119,-0.0
120,-0.0
121,-0.0
122,-0.0
123,-0.0
124,-0.0
125,-0.0
126,-0.0
127,-0.0
128,-0.0
129,-0.0
130,-0.0
131,-0.0
132,-0.0
133,-0.0
134,-0.0
135,-0.0
136,-0.0
137,-0.0
138,-0.0
139,-0.0
140,-0.0
141,-0.0
142,-0.0
143,-0.0
144,-0.0
145,-0.0
146,-0.0
147,-0.0
148,-0.0
149,-0.0
150,-0.0
151,-0.0
152,-0.0
153,-0.0
154,-0.0
155,-0.0
156,-0.0
157,-0.0
158,-0.0
159,-0.0
160,-0.0
161,-0.0
162,-0.0
163,-0.0
164,-0.0
165,-0.0
166,-0.0
167,-0.0
168,-0.0
169,-0.0
170,-0.0
171,-0.0
172,-0.0
173,-0.0
174,-0.0
175,-0.0
176,-0.0
177,-0.0
178,-0.0
179,-0.0
180,-0.0
181,-0.0
182,-0.0
183,-0.0
184,-0.0
185,-0.0
186,-0.0
187,-0.0
188,-0.0
189,-0.0
190,-0.0
191,-0.0
192,-0.0
193,-0.0
194,-0.0
195,-0.0
196,-0.0
197,-0.0
198,-0.0
199,-0.0
200,-0.0
201,-0.0
202,-0.0
203,-0.0
204,-0.0
205,-0.0
206,-0.0
207,-0.0
208,-0.0
209,-0.0
210,-0.0
211,-0.0
212,-0.0
213,-0.0
214,-0.0
215,-0.0
216,-0.0
217,-0.0
218,-0.0
219,-0.0
220,-0.0
221,-0.0
222,-0.0
223,-0.0
224,-0.0
225,-0.0
226,-0.0
227,-0.0
228,-0.0
229,-0.0
230,-0.0
231,-0.0
232,-0.0
233,-0.0
234,-0.0
235,-0.0
236,-0.0
237,-0.0
238,-0.0
239,-0.0
240,-0.0
241,-0.0
242,-0.0
243,-0.0
244,-0.0
245,-0.0
246,-0.0
247,-0.0
248,-0.0
249,-0.0
250,-0.0
251,-0.0
252,-0.0
253,-0.0
254,-0.0
255,-0.0
256,-0.0
257,-0.0
258,-0.0
259,-0.0
260,-0.0
261,-0.0
262,-0.0
263,-0.0
264,-0.0
265,-0.0
266,-0.0
267,-0.0
268,-0.0
269,-0.0
270,-0.0
271,-0.0
272,-0.0
273,-0.0
274,-0.0
275,-0.0
276,-0.0
277,-0.0
278,-0.0
279,-0.0
280,-0.0
281,-0.0
282,-0.0
283,-0.0
284,-0.0
285,-0.0
286,-0.0
287,-0.0
288,-0.0
289,-0.0
290,-0.0
291,-0.0
292,-0.0
293,-0.0
294,-0.0
295,-0.0
296,-0.0
297,-0.0
298,-0.0
299,-0.0
300,-0.0
301,-0.0
302,-0.0
303,-0.0
304,-0.0
305,-0.0
306,-0.0
307,-0.0
308,-0.0
309,-0.0
310,-0.0
311,-0.0
312,-0.0
313,-0.0
314,-0.0
315,-0.0
316,-0.0
317,-0.0
318,-0.0
319,-0.0
320,-0.0
321,-0.0
322,-0.0
323,-0.0
324,-0.0
325,-0.0
