3,22.37694
4,22.051628
5,22.258347
6,21.971556
7,22.05078
8,21.781366
9,22.144989
10,21.906044
11,22.06819
12,22.166903
13,22.152714
14,22.02835
15,22.15976
16,22.17726
17,21.93504
18,21.896841
19,22.03752
20,22.005219
21,21.985514
22,22.26999
23,22.054726
24,21.896635
25,21.975986
26,21.83749
27,22.161083
28,20.980608
29,21.842346
30,21.461708
31,21.549507
32,21.76436
33,21.248518
34,21.622221
35,21.461512
36,22.085133
37,21.492228
38,21.480646
39,21.254267
40,21.500753
41,21.596725
42,21.780571
43,21.143766
44,19.440702
45,20.108461
46,20.068594
47,19.757126
48,19.911299
49,20.07973
50,19.568022
51,19.84108
52,20.027218
53,19.915064
54,20.08963
55,20.140278
56,19.498594
57,19.8087
58,20.17233
59,19.862307
60,19.978241
61,20.084
62,20.450361
63,19.560852
64,20.117235
65,19.839218
66,20.176159
67,20.095888
68,19.57285
69,19.62248
70,19.610825
71,20.228998
72,19.860418
73,20.046413
74,20.030355
75,20.191158
76,19.96589
77,20.269
78,19.811201
79,19.983
80,20.115015
81,20.14531
82,19.728626
83,19.771782
84,19.983551
85,19.925276
86,19.622465
87,19.949234
88,20.308887
89,19.708076
90,20.121462
91,19.855188
92,19.907309
93,20.266575
94,20.005493
95,20.200771
96,20.254044
97,19.580904
98,20.52534
99,20.135109
100,20.43078
101,20.109316
102,19.981403
103,19.905857
104,21.278702
105,21.854538
106,21.914232
107,21.977667
108,21.803608
109,22.102158
110,21.862276
111,22.358799
112,22.200275
113,22.1818
114,22.211329
115,21.980082
116,22.106909
117,21.992188
118,21.808218
119,21.652704
120,22.043215
121,21.923132
122,22.062849
123,21.93576
124,22.13679
125,22.329569
126,22.024626
127,21.854969
128,22.02452
129,22.174484
130,22.016115
131,21.985352
132,21.679466
133,21.417572
134,21.536095
135,21.566668
136,21.468832
137,21.402628
138,21.566946
139,21.337532
140,21.718336
141,21.523605
142,21.547068
143,21.555212
144,21.251963
145,21.434456
146,21.362331
147,21.848309
148,21.6089
149,21.318962
150,21.574429
151,21.533949
152,21.725641
153,21.88623
154,21.570913
155,21.594463
156,21.396969
157,21.899075
158,21.075558
159,21.490812
160,21.942257
161,21.701157
162,21.81184
163,21.562262
164,21.554289
165,21.581974
166,21.621342
167,21.826435
168,21.708847
169,21.292732
170,21.633732
171,21.647268
172,21.446955
173,21.52915
174,21.03875
175,21.498495
176,21.576525
177,21.509264
178,21.720324
179,21.491732
180,21.470598
181,21.917355
182,21.60724
183,21.201488
184,21.287895
186,21.826757
186,21.689304
187,21.601196
188,21.717335
189,21.830578
190,21.315117
191,21.210072
192,21.748482
193,21.332882
194,21.66732
195,21.441069
196,21.706274
197,21.482357
198,21.61589
199,21.15498
200,21.31832
201,21.592012
202,21.246408
203,21.940084
204,21.973528
205,21.658281
206,21.306198
207,21.439686
208,22.075327
209,21.706139
210,21.697145
211,21.256378
212,21.15758
213,21.549623
214,21.618818
215,21.385773
216,21.596176
217,21.32441
218,21.781467
219,21.60296
220,21.854464
221,21.531263
222,21.629
223,21.641602
224,21.10731
225,21.533485
226,21.39005
227,21.96621
228,21.537788
229,21.5269
230,21.58285
231,21.239552
232,21.033566
233,21.71459
234,21.083797
235,21.588535
236,21.320335
237,21.393541
238,21.818638
239,21.957369
240,21.64954
241,21.985317
242,21.824411
243,21.703169
244,21.528812
245,21.146935
246,21.701992
247,21.370033
248,21.739819
249,21.439297
250,21.576096
251,21.369843
252,21.30021
253,21.59053
254,21.857105
255,21.638227
256,21.87884
257,21.560493
258,21.658106
259,21.443882
260,21.647652
261,21.37408
262,21.542416
263,21.60943
264,21.620369
265,21.46486
266,21.675686
267,21.037529
268,21.548515
269,21.67218
270,21.827848
271,21.799448
272,21.741358
273,21.533915
274,21.083906
275,21.823763
276,21.143494
277,21.94358
278,21.652683
279,21.5557
280,21.637182
281,21.136732
282,21.414461
283,21.489199
284,21.801935
285,21.534407
286,21.61714
287,21.477057
288,21.920103
289,21.161913
290,21.502417
291,21.560186
292,21.081993
293,21.465462
294,21.601849
295,21.737858
296,21.618073
297,21.637808
298,22.003044
299,21.572283
300,21.851624
301,21.630194
302,21.634277
303,21.162085
304,21.373379
305,21.46231
306,21.72248
307,21.42406
308,21.563778
309,21.361755
310,21.603523
311,21.95978
312,21.099562
313,21.992222
314,21.687094
315,21.272623
316,21.366291
317,21.574284
318,21.763128
319,21.948053
320,21.75012
321,21.333744
322,21.683632
323,21.120611
324,21.464882
325,21.323624
326,21.459633
327,21.311632
328,21.796349
329,21.261524
330,21.85985
331,21.63631
332,21.60815
333,21.465544
334,21.546059
335,21.190516
336,21.415411
337,21.47891
338,21.855326
339,21.376028
340,21.620092
341,21.705692
342,21.465584
343,21.631903
344,21.4374
345,22.055492
346,21.590368
347,21.383007
348,21.575003
349,21.48269
350,21.273573
351,21.418655
352,21.895277
353,21.58961
354,21.954926
355,21.29022
356,21.884672
357,21.67188
358,21.878796
359,21.727015
360,21.674604
361,21.677362
362,21.8504
363,21.783886
364,21.311296
365,21.853455
366,21.44477
367,21.552908
368,21.563879
369,21.470234
370,21.609138
371,21.559412
372,21.869795
373,21.545715
374,21.252802
375,21.227
376,21.409752
377,21.789684
378,21.968594
379,21.68384
380,21.39364
381,21.705454
382,22.115843
383,21.999355
384,21.403122
385,21.44785
386,21.527807
387,21.5886
388,21.466063
389,21.414017
390,21.981594
391,21.974445
392,21.783686
393,21.416927
394,21.716303
395,21.504425
396,21.585094
397,21.262255
398,21.652115
399,21.595419
400,21.66444
401,21.568468
402,21.61932
403,21.210407
404,21.9972
405,21.850552
406,21.855509
407,21.61871
408,21.384789
409,21.848375
410,22.04084
411,21.345726
412,21.827621
413,21.61064
414,21.590631
415,21.711802
416,21.671526
417,21.679813
418,21.42128
419,22.007313
420,21.201405
421,21.32815
422,21.252275
423,21.462217
424,21.462759
425,21.349262
426,21.485136
427,22.11338
428,21.489548
429,21.660065
430,21.682365
431,21.52681
432,21.85534
433,21.459251
434,21.464458
435,21.76705
436,21.47029
437,21.628614
438,21.418098
439,21.851488
440,21.48554
441,21.854902
442,21.670666
443,21.43511
444,21.163948
445,21.660872
446,21.561218
447,21.113075
448,21.00743
449,21.831839
450,21.747452
451,21.28643
452,21.267849
453,21.663506
454,22.086027
455,21.54576
456,21.496151
457,21.68362
458,21.614233
459,21.68129
460,21.54386
461,21.203768
462,21.570404
463,21.525314
464,21.561045
465,21.551914
466,21.74543
467,21.296026
468,21.57189
469,21.32896
470,21.580225
471,21.746246
472,21.785425
473,21.329441
474,21.507902
475,21.6838
476,21.584461
477,21.852459
478,21.570688
479,21.397585
480,21.852179
481,21.63414
482,21.200914
483,21.206316
484,21.689363
485,21.300919
486,21.803413
487,21.636148
488,21.591476
489,21.445131
490,21.33385
491,21.739016
492,21.318052
493,21.677067
494,21.741602
495,21.221863
496,21.315138
497,21.842058
498,21.195974
499,21.765505
500,21.601736
501,21.76895
502,21.565186
503,21.390703
504,21.291986
505,21.649227
506,21.565649
507,21.758724
508,21.182476
509,21.84316
510,21.789705
511,21.630136
512,21.402058
513,21.08421
514,21.450155
515,21.753702
516,21.43285
517,21.31201
518,21.839487
519,22.064749
520,21.798346
521,21.368036
522,21.621944
523,21.353748
524,21.29105
525,21.558447
526,21.29129
527,21.450762
528,21.993578
529,21.65323
530,21.604065
531,21.686552
532,21.969223
533,21.556059
534,21.789177
535,21.531216
536,21.822807
537,22.037962
538,21.620762
539,21.535265
540,21.491035
541,21.591118
542,21.316319
543,21.34929
544,21.3542
545,21.594322
546,21.181793
547,21.579153
548,21.309988
549,21.346786
550,21.509907
551,21.830383
552,22.000784
553,21.2513
554,21.399553
555,21.7395
556,21.42735
557,21.50958
558,21.742922
559,21.318214
560,21.38034
561,21.985085
562,21.638948
563,22.005447
564,22.011608
565,21.556776
566,21.611664
567,21.598269
568,21.379454
569,21.036623
570,21.711288
571,21.8035
572,21.121222
573,21.502094
574,21.403418
575,21.600653
576,21.618423
577,21.22761
578,21.255924
579,21.502514
580,21.777037
581,21.997368
582,21.778938
583,21.834219
584,21.463192
585,21.600275
586,21.615149
587,21.507654
588,21.744972
589,21.33995
590,21.968317
591,21.64035
592,21.61384
593,21.189024
594,21.594059
595,21.540451
596,21.696358
597,21.528177
598,21.424568
599,21.284006
600,21.292044
601,21.667994
602,21.244766
603,21.601421
604,21.347322
605,21.829447
606,21.735918
607,21.498236
608,21.716032
609,20.9726
610,21.937773
611,21.527855
612,21.509352
613,21.738556
614,21.327812
615,21.567291
616,21.067104
617,21.849503
618,21.785885
619,21.676138
620,21.698431
621,21.745022
622,21.593374
623,21.678873
624,21.199978
625,21.539352
626,21.72406
627,21.960543
628,21.284067
629,21.189646
630,21.153875
631,21.78597
632,21.297455
633,21.681046
634,21.650541
635,21.726263
636,21.268497
637,21.469265
638,21.53279
639,21.420202
640,21.68889
641,21.431814
642,21.91605
643,21.393011
644,21.927307
645,21.980293
646,21.494068
647,21.96242
648,21.620115
649,21.891203
650,21.685614
651,21.796835
652,21.363754
653,21.369051
654,21.986063
655,21.656223
656,21.772373
657,21.230951
658,21.851646
659,21.46145
660,21.393044
661,21.619467
662,21.491215
663,22.129639
664,22.02472
665,21.595001
666,21.994707
667,21.39
668,21.508507
669,21.826265
670,21.105919
671,22.06058
672,21.077137
673,21.63668
674,21.649395
675,21.593037
676,21.524836
677,21.742727
678,21.548315
679,21.164373
680,21.803263
681,21.761717
682,21.856516
683,21.588114
684,21.96057
685,21.316587
686,21.456228
687,21.551306
688,21.617048
689,21.733831
690,21.676243
691,21.787157
692,21.59526
693,21.209118
694,21.678026
695,21.116592
696,21.348618
697,21.530304
698,22.042755
699,21.14443
700,21.956118
701,22.082005
702,21.352272
703,21.44444
704,21.42783
705,21.64522
706,21.78406
707,21.75143
708,21.184488
709,21.554966
710,21.279297
711,21.213879
712,21.340878
713,21.594326
714,21.12605
715,21.641766
716,21.638048
717,21.563965
718,21.447605
719,21.67887
720,21.417753
721,21.250137
722,21.53596
723,21.54343
724,21.12268
725,21.486958
726,21.802254
727,21.317762
728,21.341326
729,21.543907
730,21.851582
731,21.344465
732,21.608215
733,21.50259
734,21.852875
735,21.637226
736,21.61113
737,21.440754
738,21.871292
739,21.243202
740,21.59327
741,21.799969
742,21.699646
743,21.438345
744,21.552984
745,21.313593
746,21.727009
747,21.51672
748,21.611456
749,21.716187
750,21.20568
751,21.564508
752,21.253315
753,21.90844
754,22.04555
755,21.8935
756,21.296597
757,21.489107
758,21.716705
759,21.800903
760,21.76541
761,21.323112
762,21.296604
763,21.67586
764,21.466402
765,21.481106
766,21.361975
767,21.702251
768,21.70772
769,21.38707
770,21.34087
771,21.126816
772,21.572138
773,21.563387
774,21.6765
775,21.615273
776,21.163574
777,21.623081
778,21.995672
779,21.357388
780,21.701029
781,21.681133
782,21.500965
783,21.680975
784,21.76312
785,21.449137
786,21.556303
787,21.420113
788,21.226128
789,21.36458
790,21.57446
791,21.34041
792,21.724133
793,21.419994
794,21.37549
795,21.632063
796,21.483696
797,21.572142
798,21.52574
799,21.26501
800,21.037996
801,21.147839
802,21.683054
803,21.993942
804,21.747938
805,21.593483
806,21.360931
807,21.469582
808,21.478376
809,21.53769
810,21.66357
811,21.587902
812,21.672365
813,21.284773
814,21.388117
815,21.694363
816,21.49329
817,21.520468
818,21.763971
819,21.459755
820,21.551826
821,21.96978
822,21.514967
823,21.717001
824,21.892176
825,21.547567
826,21.599125
827,21.653688
828,21.808327
829,21.419024
830,21.329378
831,21.01103
832,21.281023
833,21.59811
834,21.313978
835,21.33705
836,21.132893
837,21.761503
838,21.418972
839,21.67149
840,21.823984
841,21.902348
842,21.488234
843,21.740622
844,21.61379
845,21.553919
846,21.541315
847,21.703007
848,21.721125
849,21.633984
850,21.890152
851,21.22407
852,21.80421
853,21.6954
854,21.267275
855,21.077616
856,21.571718
857,21.764261
858,21.01316
859,21.858086
860,21.565266
861,21.494352
862,21.685217
863,21.383146
864,21.59415
865,21.317049
866,21.90557
867,21.35845
868,21.583632
869,21.659027
870,21.530254
871,21.80806
872,21.615128
873,21.286175
874,21.572403
875,21.867628
876,21.495266
877,21.45356
878,21.704355
879,21.482382
880,21.396862
881,21.87263
882,21.616896
883,21.806484
884,21.356174
885,21.599339
886,21.547007
887,21.399551
888,21.569748
889,21.681566
890,21.406887
891,21.74486
892,21.708654
893,21.396002
894,21.585604
895,21.029362
896,21.702547
897,21.733477
898,21.094557
899,21.70236
900,21.618279
901,21.298061
902,21.562407
903,21.035574
904,21.80498
905,21.808184
906,21.524813
907,21.754776
908,22.07722
909,21.357344
910,21.487583
911,21.530333
912,21.96191
913,21.506554
914,21.546701
915,21.298962
916,21.011255
917,21.49165
918,21.69464
919,21.778772
920,21.534946
921,21.871479
922,21.546125
923,21.512798
924,21.731098
925,21.509678
926,21.383623
927,21.676016
928,21.230556
929,21.290922
930,21.37144
931,21.502705
932,21.750448
933,21.599365
934,21.356525
935,21.546333
936,21.920168
937,21.626257
938,21.849888
939,21.378922
940,21.547491
941,21.778587
942,21.912346
943,21.889084
944,21.415537
945,21.639513
946,21.785002
947,22.105268
948,21.505825
949,21.506493
950,21.768568
951,21.676813
952,21.292953
953,21.410063
954,21.577995
955,21.416067
956,21.296883
957,21.903877
958,21.422121
959,21.895863
960,21.466057
961,21.683952
962,21.40706
963,22.001345
964,21.789015
965,21.490099
966,21.50526
967,21.528454
968,21.463064
969,21.672995
970,21.637281
971,21.416883
972,21.301052
973,21.68447
974,21.697702
975,21.723072
976,21.723448
977,21.494017
978,21.312103
979,21.724558
980,21.851334
981,21.80179
982,21.637554
983,21.403856
984,21.628471
985,21.798487
986,21.784042
987,21.444536
988,21.497892
989,21.498669
990,21.53112
991,21.709671
992,21.366098
993,21.765877
994,21.930075
995,21.679008
996,21.403603
997,21.677553
998,21.596598
999,21.704618
1000,21.677681
1001,21.598991
1002,21.50819
1003,21.505836
1004,21.57468
1005,21.249063
1006,21.345316
1007,21.077877
1008,21.660255
1009,21.194944
1010,22.01164
1011,21.588593
1012,22.0647
1013,21.272299
1014,21.311846
1015,21.365692
1016,21.565569
1017,21.22611
1018,21.32948
1019,21.279419
1020,21.509462
1021,21.703756
1022,21.829025
1023,21.678602
1024,21.348837
1025,21.48782
1026,21.607012
1027,21.721624
1028,21.395508
1029,21.740885
1030,21.533764
1031,21.681076
1032,21.762642
1033,21.47996
1034,21.439322
1035,21.343575
1036,21.389963
1037,21.24699
1038,21.59372
1039,22.081942
1040,21.437593
1041,21.620148
1042,21.52432
1043,21.501717
1044,21.333776
1045,21.426966
1046,21.635319
1047,21.464376
1048,21.131449
1049,21.596731
1050,21.723972
1051,21.767664
1052,21.992271
1053,21.557043
1054,21.655106
1055,21.686493
1056,21.633955
1057,22.086754
1058,21.646143
1059,21.577465
1060,21.972305
1061,21.993948
1062,21.244226
1063,21.775024
1064,21.97281
1065,21.63315
1066,21.636309
1067,21.912085
1068,21.206795
1069,21.559132
1070,21.969551
1071,21.77041
1072,21.855013
1073,21.574667
1074,21.333996
1075,21.507158
1076,22.115158
1077,21.528927
1078,21.436485
1079,21.591188
1080,21.570597
1081,21.488962
1082,21.468868
1083,21.501554
1084,21.825497
1085,21.24238
1086,21.318083
1087,21.69377
1088,21.57327
1089,21.249784
1090,21.592253
1091,21.413025
1092,21.57562
1093,22.041811
1094,21.65957
1095,21.333418
1096,21.467846
1097,21.656694
1098,21.357483
1099,21.630314
1100,21.984102
1101,21.50836
1102,21.246778
1103,21.27195
1104,22.107832
1105,21.384369
1106,21.752531
1107,21.532867
1108,21.520504
1109,21.562237
1110,21.578865
1111,21.71881
1112,21.483269
1113,21.52721
1114,21.82523
1115,21.07161
1116,21.42364
1117,21.016865
1118,21.892782
1119,21.138578
1120,21.490412
1121,21.518394
1122,21.516575
1123,21.48225
1124,21.799856
1125,21.548569
1126,21.59786
1127,21.611689
1128,21.610233
1129,21.697575
1130,21.240334
1131,21.298664
1132,21.660358
1133,21.143139
1134,21.59514
1135,21.372656
1136,21.01744
1137,21.309591
1138,21.634232
1139,21.665918
1140,21.854021
1141,21.420137
1142,22.001183
1143,21.891935
1144,21.007793
1145,21.508516
1146,21.29491
1147,22.112871
1148,21.596027
1149,21.922956
1150,21.351377
1151,21.341581
1152,21.215908
1153,21.073324
1154,21.613337
1155,21.570297
1156,21.447279
1157,21.848116
1158,22.08599
1159,21.787271
1160,21.326422
1161,21.701931
1162,21.41556
1163,21.84573
1164,21.172237
1165,21.312063
1166,22.022491
1167,21.745903
1168,21.369984
1169,21.886883
1170,21.22494
1171,21.571337
1172,21.400095
1173,21.849207
1174,21.294409
1175,21.297838
1176,21.722073
1177,21.67512
1178,21.741755
1179,21.742195
1180,21.10757
1181,21.600368
1182,21.512701
1183,21.22219
1184,21.409626
1185,21.386423
1186,21.799562
1187,21.42536
1188,21.432884
1189,21.222633
1190,21.293663
1191,21.424536
1192,21.3684
1193,21.326332
1194,21.24871
1195,21.728071
1196,21.952232
1197,21.93762
1198,21.512226
1199,21.722328
1200,21.958323
1201,21.770554
1202,21.429585
1203,21.417404
1204,21.570246
1205,21.448719
1206,21.505318
1207,21.728872
1208,21.36357
1209,21.61143
1210,21.545738
1211,21.482016
1212,21.719648
1213,21.270622
1214,21.876257
1215,21.806305
1216,21.548328
1217,21.443567
1218,21.574215
1219,21.803825
1220,21.527843
1221,21.398066
1222,21.427158
1223,21.931425
1224,21.205109
1225,21.482876
1226,20.963844
1227,21.800554
1228,21.232702
1229,21.65191
1230,21.668272
1231,21.547308
1232,21.376728
1233,21.780428
1234,21.78208
1235,21.675777
1236,21.420244
1237,21.57376
1238,21.467905
1239,21.064648
1240,21.529484
1241,21.362085
1242,21.589272
1243,21.700943
1244,21.786997
1245,21.439049
1246,21.466478
1247,21.492939
1248,21.544874
1249,21.410646
1250,21.609821
1251,21.592175
1252,21.46462
1253,21.751167
1254,21.4233
1255,21.659243
1256,21.572254
1257,21.831245
1258,21.76278
1259,21.378555
1260,21.526897
1261,21.567743
1262,21.405663
1263,21.761105
1264,21.737316
1265,21.633347
1266,21.478073
1267,21.273525
1268,21.722084
1269,22.057976
1270,21.698286
1271,21.60525
1272,21.524193
1273,21.733303
1274,21.55722
1275,22.078365
1276,21.723318
1277,21.250889
1278,21.741734
1279,21.69213
1280,21.532791
1281,21.623325
1282,21.809393
1283,21.615164
1284,21.376617
1285,21.291225
1286,21.313236
1287,21.6288
1288,21.679342
1289,21.807089
1290,21.314125
1291,21.485376
1292,22.020044
1293,21.40612
1294,21.351652
1295,21.459475
1296,21.546398
1297,21.865969
1298,21.858204
1299,21.458937
1300,21.754213
1301,21.488413
1302,21.419378
1303,21.356783
1304,21.333847
1305,21.77131
1306,21.694069
1307,21.35764
1308,21.929901
1309,21.861626
1310,21.609962
1311,21.377474
1312,21.12553
1313,21.764185
1314,21.973688
1315,21.96981
1316,21.279652
1317,21.723394
1318,21.307478
1319,21.247173
1320,21.449135
1321,21.726114
1322,21.636072
1323,21.725008
1324,21.65371
1325,21.368145
1326,21.663536
1327,21.75696
1328,21.236813
1329,21.440763
1330,21.243727
1331,21.58996
1332,21.468187
1333,21.764833
1334,22.043087
1335,21.637245
1336,21.671564
1337,21.373453
1338,21.396666
1339,21.720562
1340,21.676594
1341,21.23258
1342,21.715616
1343,21.22814
1344,21.74178
1345,21.86017
1346,21.13957
1347,21.340012
1348,21.543934
1349,21.813757
1350,21.93664
1351,22.108978
1352,21.606888
1353,21.550909
1354,21.25206
1355,21.998667
1356,21.596306
1357,21.71135
1358,21.567558
1359,21.542091
1360,21.247381
1361,21.293453
1362,21.179682
1363,21.665234
1364,21.719154
1365,21.262978
1366,21.355051
1367,21.513647
1368,21.543941
1369,21.499485
1370,21.709967
1371,21.523823
1372,21.374636
1373,21.804873
1374,21.590855
1375,21.650099
1376,21.678215
1377,21.55875
1378,21.691433
1379,21.488478
1380,21.664127
1381,21.447187
1382,21.513721
1383,21.513939
1384,21.375431
1385,21.184885
1386,21.539198
1387,21.700974
1388,21.4464
1389,21.154554
1390,21.667719
1391,21.668232
1392,21.861261
1393,21.593626
1394,21.314335
1395,21.618692
1396,21.267542
1397,21.511744
1398,21.511463
1399,21.67479
1400,21.608875
1401,21.834467
1402,21.177309
1403,21.561893
1404,21.427816
1405,21.16666
1406,21.930922
1407,21.630775
1408,21.33449
1409,22.097359
1410,21.426409
1411,21.737835
1412,21.231905
1413,21.613363
1414,21.980047
1415,21.595911
1416,21.635101
1417,21.856337
1418,21.505514
1419,21.851772
1420,21.597202
1421,21.523136
1422,21.419203
1423,21.183517
1424,21.808044
1425,21.437763
1426,21.96107
1427,21.564472
1428,21.54336
1429,21.501795
1430,21.443718
1431,21.423834
1432,21.35036
1433,21.557838
1434,21.372337
1435,21.370697
1436,21.500021
1437,21.315042
1438,21.529911
1439,21.653648
1440,21.176062
1441,21.468628
1442,21.593054
1443,21.203943
1444,21.892036
1445,21.3416
1446,21.828856
1447,21.504929
1448,21.780355
1449,21.824217
1450,21.859827
1451,21.528772
1452,21.35258
1453,21.351692
1454,21.911045
1455,21.669746
1456,21.735714
1457,21.684973
1458,21.723291
1459,21.443369
1460,21.474064
1461,21.876831
1462,21.829119
1463,21.726751
1464,21.6385
1465,21.881613
1466,21.56609
1467,21.782309
1468,22.086855
1469,21.761803
1470,21.249508
1471,21.442942
1472,21.452318
1473,21.935661
1474,21.781656
1475,21.616108
1476,21.120125
1477,21.537992
1478,21.563168
1479,21.888319
1480,21.828497
1481,21.254305
1482,21.475372
1483,21.209282
1484,21.659805
1485,21.640648
1486,21.62903
1487,22.02465
1488,21.41172
1489,21.626476
1490,21.63595
1491,21.227806
1492,21.609468
1493,21.788761
1494,21.234406
1495,21.32924
1496,21.383179
1497,21.421293
1498,21.599722
1499,21.568272
1500,21.23027
1501,21.424513
1502,21.409077
1503,21.818571
1504,21.442177
1505,21.553045
1506,21.638557
1507,21.751766
1508,21.95237
1509,21.347221
1510,21.853247
1511,21.798283
1512,21.59823
1513,21.31824
1514,21.77334
1515,21.844547
1516,21.480528
1517,21.36027
1518,21.417173
1519,21.391838
1520,21.564327
1521,21.771456
1522,21.571278
1523,21.719759
1524,21.650028
1525,21.44997
1526,21.309744
1527,21.585152
1528,21.20368
1529,21.358183
1530,21.73119
1531,21.587677
1532,21.393589
1533,21.704483
1534,21.605047
1535,21.67374
1536,21.855003
1537,21.285872
1538,21.501635
1539,21.621729
1540,21.466976
1541,21.442251
1542,21.038511
1543,21.840233
1544,22.099169
1545,21.177195
1546,21.396696
1547,21.935987
1548,21.711515
1549,21.824196
1550,21.632065
1551,21.222992
1552,21.516987
1553,21.844112
1554,21.796503
1555,21.912321
1556,21.379477
1557,21.417116
1558,21.318604
1559,21.651348
1560,21.183142
1561,21.443846
1562,21.418983
1563,21.527157
1564,21.545448
1565,21.330332
1566,21.842466
1567,21.437029
1568,21.762815
1569,21.873299
1570,21.75538
1571,21.690325
1572,21.326078
1573,21.516054
1574,21.372284
1575,21.511143
1576,21.598694
1577,21.522467
1578,21.327864
1579,21.809206
1580,21.601128
1581,21.814875
1582,21.540146
1583,21.316141
1584,21.275272
1585,21.653091
1586,21.550737
1587,21.202984
1588,21.765965
1589,21.66565
1590,21.597155
1591,21.876955
1592,21.797834
1593,21.82443
1594,21.84544
1595,21.832071
1596,21.26702
1597,21.557064
1598,21.850307
1599,21.894558
1600,21.693117
1601,21.2541
1602,21.742678
1603,21.250185
1604,21.785526
1605,21.789177
1606,21.69526
1607,21.82616
1608,21.856619
1609,21.545013
1610,21.226818
1611,21.318445
1612,21.77421
1613,21.371328
1614,21.689001
1615,21.553036
1616,21.488777
1617,21.607166
1618,21.571684
1619,21.355827
1620,21.810066
1621,21.693996
1622,21.503904
1623,21.713928
1624,21.378838
1625,21.760073
1626,21.294956
1627,21.762602
1628,21.414268
1629,21.547096
1630,21.69572
1631,21.29641
1632,21.315813
1633,21.764421
1634,21.392532
1635,21.653915
1636,21.812336
1637,21.678951
1638,21.188602
1639,21.574902
1640,21.866394
1641,21.635307
1642,21.709219
1643,21.357174
1644,21.748566
1645,21.858599
1646,21.585495
1647,21.937387
1648,21.47852
1649,21.77886
1650,20.995947
1651,21.84628
1652,21.653376
1653,21.657553
1654,21.723347
1655,21.72341
1656,21.682869
1657,21.995852
1658,21.52261
1659,21.445915
1660,21.372704
1661,21.256065
1662,21.829914
1663,21.457994
1664,21.718605
1665,21.9357
1666,21.745317
1667,21.469769
1668,21.78243
1669,21.291765
1670,21.572773
1671,21.421244
1672,21.582497
1673,21.525736
1674,21.513391
1675,21.485962
1676,21.807112
1677,21.688435
1678,21.743538
1679,21.29861
1680,21.919127
1681,21.313501
1682,21.547062
1683,21.794605
1684,21.507198
1685,21.743296
1686,21.703224
1687,21.75698
1688,21.740278
1689,21.511824
1690,21.575294
1691,21.183672
1692,21.96117
1693,21.825073
1694,21.308128
1695,21.551004
1696,20.998165
1697,21.584442
1698,21.438782
1699,21.378502
1700,21.818438
1701,21.594524
1702,21.342573
1703,21.529835
1704,21.568087
1705,21.348337
1706,21.589314
1707,21.514189
1708,21.569094
1709,21.460592
1710,21.770952
1711,21.494787
1712,21.642979
1713,21.67891
1714,21.158175
1715,21.621988
1716,21.375462
1717,21.550734
1718,21.873999
1719,21.600456
1720,21.73986
1721,21.849016
1722,21.46443
1723,21.550154
1724,21.522564
1725,21.75107
1726,21.333408
1727,21.446741
1728,21.85752
1729,21.758162
1730,21.757471
1731,21.84171
1732,21.085732
1733,21.381449
1734,21.588976
1735,21.694992
1736,21.34924
1737,21.844082
1738,21.658905
1739,21.787136
1740,21.640867
1741,21.46334
1742,21.701605
1743,21.318573
1744,21.699112
1745,22.007595
1746,21.37054
1747,21.56077
1748,21.554537
1749,21.923933
1750,21.224674
1751,21.294634
1752,21.483744
1753,21.958445
1754,21.601645
1755,21.467913
1756,21.453688
1757,21.251812
1758,21.814983
1759,21.492975
1760,21.89883
1761,21.699795
1762,21.403782
1763,21.54898
1764,21.935652
1765,21.459822
1766,21.755379
1767,21.992199
1768,21.739742
1769,21.618048
1770,21.894
1771,21.58558
1772,21.535261
1773,21.792917
1774,21.597326
1775,21.72358
1776,21.379839
1777,21.804276
1778,21.527042
1779,21.589535
1780,21.638102
1781,21.742468
1782,21.433617
1783,21.83107
1784,21.42989
1785,21.295406
1786,21.7388
1787,21.712294
1788,21.336498
1789,21.677214
1790,21.808084
1791,21.579273
1792,21.860548
1793,21.185213
1794,21.703297
1795,21.956726
1796,21.440384
1797,21.411116
1798,21.850285
1799,21.035994
1800,21.422855
1801,21.955353
1802,21.267164
1803,21.806053
1804,21.679117
1805,21.59832
1806,21.61756
1807,21.459095
1808,21.385494
1809,21.223879
1810,21.243134
1811,21.784388
1812,21.826612
1813,21.503828
1814,21.74171
1815,21.297884
1816,21.910017
1817,21.849117
1818,21.875946
1819,21.417566
1820,21.684374
1821,21.681658
1822,21.832584
1823,21.590908
1824,21.640936
1825,21.870123
1826,21.712475
1827,22.009985
1828,21.652609
1829,21.173662
1830,21.611513
1831,21.279383
1832,21.309658
1833,21.70069
1834,21.9357
1835,21.52356
1836,21.18404
1837,21.709028
1838,21.67851
1839,21.37423
1840,21.501451
1841,21.341806
1842,21.827553
1843,21.628757
1844,21.559544
1845,21.444923
1846,21.4466
1847,21.727608
1848,21.580826
1849,21.898209
1850,21.651115
1851,21.111319
1852,21.228676
1853,21.507465
1854,21.308905
1855,21.341526
1856,21.522963
1857,21.915682
1858,21.355833
1859,21.565247
1860,21.52332
1861,21.391594
1862,21.854492
1863,21.765516
1864,21.702032
1865,21.828806
1866,21.749989
1867,21.378721
1868,21.517729
1869,21.363695
1870,21.50929
1871,21.590826
1872,21.806017
1873,21.636536
1874,21.657593
1875,21.206894
1876,21.55243
1877,21.72214
1878,21.964317
1879,21.296211
1880,21.266619
1881,21.313173
1882,21.388117
1883,21.884478
1884,21.313173
1885,21.826624
1886,21.392073
1887,21.720123
1888,21.860601
1889,21.929552
1890,21.591372
1891,21.25194
1892,21.544697
1893,21.632563
1894,21.75428
1895,21.346842
1896,21.819063
1897,21.631762
1898,21.35412
1899,21.526566
1900,21.451305
1901,21.742657
1902,21.731607
1903,21.47802
1904,21.580278
1905,21.447853
1906,21.801151
1907,21.43291
1908,21.558218
1909,21.392668
1910,21.47366
1911,21.637474
1912,21.45325
1913,21.85284
1914,21.554075
1915,21.337412
1916,21.268187
1917,21.55149
1918,21.847492
1919,21.826715
1920,21.832151
1921,21.281029
1922,21.850536
1923,21.295454
1924,21.402828
1925,21.248943
1926,21.552223
1927,21.620232
1928,22.026678
1929,21.292969
1930,21.436779
1931,21.500013
1932,21.57005
1933,21.597336
1934,21.857721
1935,21.679346
1936,21.20197
1937,21.430658
1938,21.266771
1939,21.663929
1940,21.528677
1941,21.287584
1942,22.0132
1943,21.251478
1944,21.751545
1945,21.520985
1946,21.767244
1947,21.406986
1948,21.408321
1949,21.871387
1950,21.758505
1951,21.377447
1952,21.933607
1953,21.309433
1954,21.525476
1955,21.332205
1956,21.556362
1957,21.627811
1958,21.774593
1959,22.104744
1960,21.588346
1961,21.669855
1962,21.9949
1963,21.85313
1964,21.824188
1965,21.542006
1966,21.3982
1967,21.536474
1968,21.861216
1969,21.586102
1970,21.454165
1971,21.987541
1972,21.542614
1973,21.546003
1974,21.313328
1975,21.445402
1976,21.233082
1977,21.95694
1978,21.723616
1979,21.572954
1980,21.204573
1981,21.61146
1982,21.289705
1983,21.856552
1984,21.298532
1985,21.46367
1986,21.50739
1987,21.673689
1988,21.73357
1989,21.289385
1990,21.743614
1991,21.5716
1992,21.880014
1993,21.401197
1994,21.32626
1995,21.449194
1996,21.380816
1997,21.642862
1998,21.308197
1999,21.423473
2000,21.6903
2001,21.758707
2002,21.441032
2003,21.659748
2004,21.664812
2005,21.523422
2006,21.348919
2007,21.57475
2008,21.748316
2009,22.004486
2010,21.56415
2011,21.320765
2012,21.950485
2013,21.419294
2014,21.77252
2015,21.204979
2016,21.912209
2017,21.682934
2018,21.280874
2019,21.209215
2020,21.857964
2021,21.316557
2022,21.825624
2023,21.740555
2024,21.845894
2025,21.591135
2026,21.960276
2027,21.987741
2028,21.799389
2029,21.021101
2030,21.64194
2031,21.335073
2032,21.744251
2033,21.850813
2034,21.492262
2035,21.294754
2036,21.036695
2037,21.484715
2038,21.787212
2039,21.58846
2040,21.877186
2041,21.814636
2042,21.490938
2043,21.806116
2044,21.773697
2045,21.073027
2046,21.633242
2047,21.677296
2048,21.661997
2049,21.69849
2050,21.592186
2051,21.559958
2052,21.896444
2053,21.439981
2054,21.528128
2055,21.784029
2056,21.802027
2057,21.205797
2058,21.33688
2059,21.337126
2060,21.753633
2061,21.526691
2062,21.716665
2063,21.607418
2064,21.741182
2065,21.612736
2066,21.363237
2067,21.82913
2068,21.361631
2069,21.560438
2070,21.361782
2071,21.434128
2072,21.591108
2073,21.27045
2074,21.374826
2075,21.706957
2076,21.4218
2077,21.980446
2078,21.647394
2079,22.038412
2080,21.441988
2081,21.593405
2082,21.402195
2083,21.59546
2084,21.34172
2085,21.735882
2086,21.592566
2087,21.748333
2088,21.350399
2089,21.638447
2090,21.657583
2091,21.352285
2092,21.44921
2093,21.511057
2094,21.24102
2095,21.315887
2096,21.524849
2097,21.78277
2098,21.342623
2099,22.10993
2100,21.841362
2101,21.679974
2102,21.468153
2103,21.868181
2104,21.546476
2105,21.118427
2106,21.549982
2107,21.54235
2108,21.717012
2109,21.567713
2110,21.126688
2111,22.02124
2112,21.636456
2113,21.841887
2114,21.431805
2115,21.84583
2116,21.33646
2117,21.860952
2118,21.20315
2119,21.55624
2120,21.694656
2121,21.471275
2122,21.616846
2123,21.309572
2124,21.841864
2125,21.803162
2126,21.718246
2127,21.527819
2128,21.564957
2129,21.68021
2130,21.739254
2131,21.332659
2132,21.716301
2133,21.522934
2134,21.4704
2135,21.557571
2136,21.120869
2137,21.610277
2138,21.439247
2139,21.46105
2140,21.557003
2141,21.74058
2142,21.33841
2143,21.461782
2144,21.443258
2145,21.428162
2146,21.781206
2147,21.846584
2148,21.671757
2149,21.80555
2150,21.579334
2151,21.1833
2152,21.677265
2153,21.805246
2154,21.58628
2155,21.245468
2156,21.42013
2157,21.825752
2158,21.35562
2159,22.01932
2160,21.82484
2161,21.420713
2162,21.357077
2163,21.85089
2164,21.63605
2165,21.913921
2166,21.832129
2167,21.48617
2168,21.49704
2169,21.50319
2170,21.46186
2171,21.315254
2172,21.784773
2173,21.975554
2174,21.844893
2175,21.773272
2176,21.625286
2177,21.141169
2178,21.507538
2179,21.701962
2180,21.339342
2181,21.678602
2182,21.82486
2183,21.569715
2184,21.68116
2185,21.721249
2186,21.444511
2187,21.167213
2188,21.728981
2189,21.917433
2190,21.576342
2191,21.790497
2192,21.137657
2193,21.284328
2194,21.309916
2195,21.462553
2196,21.552721
2197,21.5241
2198,21.639887
2199,21.358967
2200,21.890255
2201,21.996662
2202,21.220764
2203,21.927849
2204,21.335783
2205,21.41146
2206,21.645388
2207,21.451973
2208,21.313946
2209,21.678652
2210,21.424717
2211,21.557653
2212,21.205547
2213,21.851627
2214,21.242193
2215,21.972933
2216,21.537912
2217,21.410349
2218,21.393326
2219,21.844015
2220,21.550798
2221,21.603859
2222,21.678276
2223,21.738691
2224,21.799654
2225,21.339596
2226,21.669731
2227,21.463102
2228,21.659794
2229,21.86164
2230,21.464354
2231,21.486977
2232,21.339705
2233,21.24979
2234,21.762306
2235,21.547846
2236,22.042164
2237,21.525517
2238,21.703398
2239,21.853884
2240,21.43807
2241,21.590332
2242,21.18456
2243,21.681303
2244,21.4763
2245,21.701572
2246,21.400148
2247,21.803204
2248,21.44911
2249,21.566109
2250,21.359472
2251,21.712784
2252,21.756454
2253,21.550562
2254,21.161572
2255,21.59467
2256,21.629416
2257,21.64015
2258,21.29042
2259,21.937939
2260,21.922539
2261,21.933842
2262,21.368107
2263,21.700184
2264,21.462254
2265,21.569038
2266,21.767452
2267,21.434298
2268,21.567999
2269,21.536058
2270,21.29657
2271,21.71294
2272,21.284094
2273,21.309814
2274,21.857658
2275,21.393318
2276,21.831303
2277,21.48341
2278,21.786966
2279,21.71105
2280,21.973936
2281,21.254166
2282,21.48069
2283,21.762724
2284,21.97086
2285,21.620268
2286,21.42193
2287,21.245256
2288,21.868977
2289,21.426668
2290,21.526562
2291,21.394745
2292,21.746452
2293,21.85188
2294,21.566814
2295,21.201197
2296,20.99118
2297,21.83017
2298,21.604532
2299,21.596685
2300,21.696785
2301,21.551718
2302,21.82294
2303,21.44539
2304,21.568672
2305,21.645475
2306,21.383507
2307,21.44412
2308,21.58511
2309,21.576212
2310,21.137877
2311,22.076128
2312,21.393854
2313,21.217005
2314,21.992287
2315,21.744955
2316,21.327261
2317,21.400152
2318,21.31855
2319,21.41777
2320,22.024977
2321,21.657038
2322,21.851265
2323,21.201466
2324,21.570604
2325,21.661451
2326,21.441935
2327,21.862871
2328,21.361744
2329,21.541977
2330,22.055582
2331,21.63412
2332,21.88983
2333,20.989168
2334,21.978891
2335,21.311968
2336,21.460928
2337,21.494797
2338,21.740532
2339,21.684738
2340,21.998917
2341,21.577982
2342,21.629232
2343,21.298805
2344,21.393415
2345,21.435415
2346,21.656622
2347,21.739307
2348,21.606876
2349,21.56409
