3,-237.6236
4,-242.63335
5,-241.21735
6,-255.53337
7,-239.34135
8,-243.7854
9,-249.2668
10,-246.80412
11,-240.616
12,-238.56805
13,-247.34224
14,-256.51147
15,-250.59549
16,-242.00699
17,-256.3244
18,-260.79547
19,-247.76176
20,-241.6416
21,-244.259
22,-238.845
23,-241.58296
24,-243.80151
25,-236.42319
26,-286.64368
27,-295.3657
28,-320.86432
29,-297.75272
30,-307.97992
31,-304.87753
32,-301.41968
33,-310.38287
34,-307.26633
35,-311.7814
36,-285.41406
37,-318.45923
38,-313.18665
39,-316.81784
40,-310.49097
41,-306.1063
42,-291.48163
43,-328.31665
44,-368.52475
45,-390.85138
46,-389.64615
47,-400.0
48,-400.0
49,-391.14975
50,-400.0
51,-400.0
52,-396.67932
53,-400.0
54,-400.0
55,-400.0
56,-400.0
57,-400.0
58,-400.0
59,-400.0
60,-400.0
61,-400.0
62,-397.3851
63,-400.0
64,-400.0
65,-400.0
66,-400.0
67,-400.0
68,-400.0
69,-400.0
70,-400.0
71,-388.8243
72,-400.0
73,-390.91516
74,-394.96063
75,-385.88257
76,-394.67264
77,-390.73425
78,-400.0
79,-391.1267
80,-392.95258
81,-385.409
82,-400.0
83,-399.2878
84,-394.94696
85,-400.0
86,-400.0
87,-400.0
88,-381.13275
89,-400.0
90,-386.43048
91,-400.0
92,-395.32913
93,-391.1914
94,-394.51636
95,-387.0431
96,-390.1002
97,-400.0
98,-381.7453
99,-364.427
100,-319.42603
101,-303.69135
102,-315.2707
103,-307.9068
104,-299.67352
105,-303.6407
106,-299.37582
107,-297.4654
108,-303.04614
109,-291.4403
110,-303.10312
111,-284.851
112,-289.79688
113,-292.1975
114,-288.54132
115,-303.13458
116,-298.39124
117,-300.67303
118,-314.72592
119,-314.4599
120,-303.3906
121,-304.57385
122,-308.50342
123,-306.46732
124,-299.9775
125,-291.46964
126,-314.5241
127,-314.06458
128,-314.5298
129,-305.06918
130,-300.76535
131,-304.06122
132,-315.4842
133,-315.64078
134,-305.31128
135,-306.42035
136,-310.23358
137,-310.17657
138,-305.76254
139,-317.60196
140,-298.86176
141,-300.80487
142,-305.73334
143,-299.93872
144,-314.33234
145,-310.33054
146,-318.0535
147,-294.54562
148,-301.13818
149,-312.67722
150,-303.0575
151,-312.24072
152,-305.64075
153,-291.5949
154,-305.88013
155,-307.61267
156,-311.3941
157,-297.4123
158,-319.0163
159,-308.08118
160,-291.925
161,-297.56192
162,-299.50037
163,-305.20215
164,-311.35806
165,-301.41486
166,-303.2156
167,-300.70145
168,-303.7451
169,-315.55402
170,-303.12946
171,-302.7752
172,-312.87756
173,-311.03702
174,-325.02783
175,-304.18704
176,-305.38324
177,-299.53076
178,-295.78732
179,-307.38336
180,-316.87097
181,-290.3258
182,-308.12234
183,-318.8223
184,-315.73544
186,-400.0
186,-400.0
187,-306.8022
188,-306.9201
189,-294.25665
190,-317.0957
191,-318.75287
192,-297.3051
193,-318.7176
194,-298.71295
195,-316.7735
196,-305.96503
197,-312.33157
198,-307.67383
199,-321.63037
200,-313.1317
201,-306.6695
202,-314.83905
203,-292.2942
204,-288.19794
205,-303.3794
206,-318.6933
207,-306.8141
208,-287.18793
209,-304.4298
210,-298.0051
211,-319.94867
212,-323.89752
213,-304.69122
214,-307.53064
215,-306.20123
216,-311.17117
217,-309.43195
218,-299.70312
219,-300.5146
220,-294.89685
221,-309.52853
222,-303.06186
223,-308.54398
224,-321.4713
225,-310.10638
226,-305.42126
227,-289.0905
228,-310.13123
229,-304.8604
230,-301.47687
231,-315.6736
232,-325.44205
233,-296.82608
234,-326.29846
235,-306.8565
236,-316.81485
237,-304.70105
238,-297.7234
239,-285.87457
240,-302.84247
241,-287.52698
242,-293.1449
243,-305.18634
244,-311.16153
245,-321.7594
246,-301.36243
247,-311.3186
248,-307.5627
249,-306.67245
250,-304.56274
251,-320.50372
252,-312.62775
253,-307.43036
254,-301.77478
255,-301.50314
256,-295.66138
257,-299.88437
258,-302.82672
259,-316.36804
260,-303.47968
261,-313.761
262,-305.42773
263,-299.94797
264,-307.30225
265,-308.56024
266,-303.97778
267,-325.12268
268,-305.1433
269,-304.42148
270,-296.9779
271,-293.37177
272,-301.0949
273,-303.55176
274,-326.56415
275,-298.9624
276,-315.7397
277,-291.3209
278,-303.10132
279,-300.4541
280,-298.59058
281,-323.06946
282,-305.8118
283,-308.01965
284,-302.4007
285,-303.0401
286,-308.00278
287,-312.87012
288,-291.35455
289,-323.21805
290,-314.02313
291,-299.3526
292,-318.95386
293,-307.51013
294,-302.81134
295,-301.61523
296,-307.6397
297,-301.68045
298,-288.5407
299,-305.94168
300,-297.68988
301,-309.4367
302,-298.63428
303,-317.4254
304,-313.92795
305,-307.5443
306,-305.69745
307,-311.64844
308,-306.78998
309,-308.39786
310,-307.64233
311,-294.21283
312,-321.2956
313,-293.63477
314,-299.29803
315,-322.92148
316,-318.11078
317,-305.16858
318,-297.351
319,-293.61945
320,-306.95496
321,-315.3022
322,-304.403
323,-322.7182
324,-306.6281
325,-313.74976
326,-318.63156
327,-316.40457
328,-298.0949
329,-313.1444
330,-293.79028
331,-309.2613
332,-312.938
333,-307.64703
334,-315.463
335,-323.58444
336,-309.1731
337,-309.18713
338,-294.50763
339,-310.25824
340,-307.98853
341,-294.12708
342,-310.5771
343,-301.99915
344,-310.2445
345,-285.97192
346,-310.14496
347,-309.89764
348,-305.48752
349,-309.2625
350,-311.03192
351,-312.38135
352,-290.56116
353,-306.74826
354,-286.7433
355,-315.78506
356,-291.17175
357,-295.06546
358,-296.7331
359,-296.04028
360,-304.91318
361,-294.68896
362,-298.77728
363,-302.26605
364,-316.43466
365,-299.35788
366,-313.63013
367,-304.69513
368,-307.03256
369,-306.5104
370,-301.66058
371,-310.40973
372,-290.0741
373,-304.94244
374,-310.0659
375,-319.07312
376,-315.18414
377,-291.91922
378,-288.54156
379,-303.19373
380,-305.05118
381,-304.71777
382,-287.5097
383,-288.93976
384,-314.48355
385,-312.17633
386,-304.10443
387,-306.84265
388,-306.53833
389,-309.3322
390,-287.7163
391,-294.69293
392,-295.05103
393,-312.22583
394,-306.07147
395,-303.08014
396,-307.53992
397,-316.76892
398,-304.30872
399,-306.4256
400,-299.86588
401,-305.19006
402,-307.1626
403,-318.90308
404,-289.3689
405,-294.88916
406,-295.32437
407,-298.07507
408,-320.53137
409,-299.77917
410,-290.16284
411,-319.47403
412,-298.32562
413,-302.21033
414,-311.42346
415,-293.86542
416,-304.1175
417,-303.836
418,-314.96503
419,-290.21176
420,-319.63422
421,-319.0984
422,-320.38867
423,-308.24432
424,-307.87738
425,-312.4403
426,-311.24615
427,-286.66284
428,-309.19318
429,-302.92163
430,-298.2816
431,-303.3614
432,-299.0745
433,-310.71344
434,-308.25092
435,-301.68518
436,-307.46234
437,-302.36905
438,-304.82245
439,-287.85724
440,-311.76886
441,-295.72836
442,-295.5346
443,-316.89047
444,-317.43027
445,-302.12335
446,-300.2768
447,-323.01614
448,-324.1593
449,-293.70325
450,-299.565
451,-316.7528
452,-312.95154
453,-299.85873
454,-285.94226
455,-305.08435
456,-303.97156
457,-293.99396
458,-306.56628
459,-304.81204
460,-305.20746
461,-319.1536
462,-304.7798
463,-304.925
464,-306.9614
465,-314.46918
466,-300.9428
467,-316.52753
468,-306.2504
469,-318.47577
470,-305.40497
471,-297.77606
472,-292.41614
473,-319.58438
474,-302.9431
475,-302.81824
476,-302.01508
477,-294.29932
478,-305.67303
479,-304.17856
480,-294.28784
481,-302.87256
482,-320.26147
483,-319.12207
484,-299.13074
485,-321.63904
486,-294.01154
487,-303.34784
488,-307.03802
489,-312.972
490,-307.55994
491,-300.1336
492,-317.8789
493,-303.76773
494,-299.71082
495,-320.59702
496,-314.63428
497,-301.23254
498,-325.64688
499,-301.43307
500,-308.2447
501,-297.16333
502,-309.78473
503,-316.1823
504,-313.4909
505,-303.81003
506,-306.11722
507,-300.7764
508,-317.9535
509,-295.94922
510,-301.6753
511,-307.70172
512,-310.07037
513,-326.32684
514,-312.8388
515,-302.2937
516,-308.15564
517,-318.17365
518,-293.05963
519,-291.92755
520,-292.70752
521,-313.68652
522,-298.09418
523,-319.6478
524,-313.91693
525,-309.54224
526,-316.28088
527,-305.97025
528,-289.46042
529,-292.84448
530,-303.57718
531,-302.782
532,-288.29932
533,-304.46606
534,-291.48163
535,-310.84995
536,-294.03894
537,-291.06213
538,-297.3949
539,-310.75214
540,-307.14032
541,-310.21954
542,-317.03772
543,-320.26013
544,-309.16727
545,-307.44077
546,-317.60986
547,-301.99213
548,-317.93707
549,-318.06134
550,-302.9427
551,-300.13193
552,-294.79
553,-321.20563
554,-311.78665
555,-300.76154
556,-311.58444
557,-308.08466
558,-297.48727
559,-316.35196
560,-313.51526
561,-287.62128
562,-297.49634
563,-295.0767
564,-290.58316
565,-301.14484
566,-307.63074
567,-307.2434
568,-320.18805
569,-324.49188
570,-304.49176
571,-297.8852
572,-321.44128
573,-313.77277
574,-310.8907
575,-300.50232
576,-308.05072
577,-319.7594
578,-319.7272
579,-302.8294
580,-303.4083
581,-289.69794
582,-295.47488
583,-294.25952
584,-313.84763
585,-306.21722
586,-307.34872
587,-312.03134
588,-297.2782
589,-318.15207
590,-287.9391
591,-308.35144
592,-307.49048
593,-317.51303
594,-296.87988
595,-306.26855
596,-294.71497
597,-303.224
598,-312.07587
599,-317.76797
600,-312.73676
601,-298.9406
602,-315.01697
603,-306.24023
604,-312.73737
605,-293.734
606,-301.23633
607,-312.2553
608,-306.61646
609,-321.09976
610,-291.67938
611,-304.0793
612,-308.2615
613,-300.71005
614,-309.2591
615,-306.13727
616,-320.54694
617,-295.0312
618,-292.1028
619,-304.39392
620,-295.24258
621,-300.13696
622,-310.22467
623,-304.45483
624,-320.60632
625,-309.724
626,-305.41812
627,-292.96094
628,-317.8427
629,-324.55487
630,-317.9167
631,-291.45874
632,-312.96182
633,-305.01038
634,-303.26837
635,-295.61078
636,-315.69836
637,-306.98804
638,-302.6122
639,-309.40497
640,-299.0921
641,-311.3644
642,-291.26544
643,-316.25058
644,-286.66504
645,-287.80035
646,-317.63983
647,-286.0806
648,-307.69516
649,-291.123
650,-299.8217
651,-293.6402
652,-314.99677
653,-315.02966
654,-293.80054
655,-303.2776
656,-300.20868
657,-319.6686
658,-295.4273
659,-308.1883
660,-315.33194
661,-306.74097
662,-308.3509
663,-289.2038
664,-289.67236
665,-311.65265
666,-288.91382
667,-312.29153
668,-312.873
669,-297.4881
670,-327.9995
671,-285.5052
672,-326.30005
673,-302.25064
674,-308.0302
675,-309.12842
676,-311.04706
677,-297.54517
678,-302.48877
679,-324.33643
680,-292.8418
681,-296.92615
682,-301.55145
683,-311.36395
684,-293.23813
685,-316.54114
686,-311.48978
687,-304.77216
688,-308.20026
689,-300.86377
690,-303.50696
691,-302.05292
692,-306.06113
693,-326.1817
694,-303.08228
695,-322.14835
696,-313.477
697,-299.41528
698,-291.3493
699,-323.22766
700,-286.58014
701,-285.43842
702,-320.22632
703,-312.56445
704,-306.38168
705,-301.04407
706,-292.06415
707,-296.9201
708,-317.7528
709,-305.32318
710,-311.93768
711,-310.57404
712,-317.32294
713,-306.80914
714,-321.77368
715,-297.8808
716,-299.10568
717,-306.11945
718,-316.37164
719,-303.98428
720,-316.70212
721,-321.85876
722,-310.78113
723,-305.80988
724,-322.40857
725,-307.61896
726,-292.4624
727,-316.1698
728,-318.91968
729,-309.0177
730,-298.61224
731,-317.11475
732,-306.86978
733,-299.8617
734,-300.5238
735,-299.74127
736,-301.208
737,-309.05048
738,-295.06653
739,-320.8454
740,-302.67346
741,-294.1032
742,-297.8463
743,-317.5409
744,-303.6136
745,-313.86188
746,-300.82596
747,-309.71698
748,-308.85876
749,-296.7906
750,-318.58054
751,-306.65234
752,-311.48297
753,-291.9939
754,-290.3261
755,-290.74112
756,-312.12158
757,-309.33496
758,-300.2536
759,-294.14865
760,-302.13596
761,-312.84424
762,-312.95645
763,-294.52887
764,-316.28238
765,-312.45618
766,-308.91757
767,-297.48413
768,-300.89822
769,-315.47894
770,-318.80078
771,-321.65848
772,-305.93265
773,-306.351
774,-304.06927
775,-301.95142
776,-324.55322
777,-308.07013
778,-294.62714
779,-308.7666
780,-295.7185
781,-293.716
782,-303.09518
783,-296.98734
784,-298.55975
785,-312.71515
786,-311.3489
787,-312.45764
788,-320.28815
789,-318.2738
790,-308.66434
791,-318.01
792,-306.09576
793,-305.85406
794,-314.4174
795,-302.7853
796,-308.3653
797,-304.97974
798,-313.66693
799,-315.01138
800,-324.64935
801,-321.79095
802,-303.06253
803,-289.82574
804,-296.73267
805,-307.50946
806,-309.7921
807,-317.9859
808,-312.93475
809,-308.82025
810,-301.62082
811,-310.76727
812,-294.58105
813,-317.2602
814,-310.74002
815,-295.67322
816,-314.63202
817,-305.22775
818,-301.38736
819,-307.78122
820,-304.3459
821,-288.59625
822,-309.36017
823,-299.80615
824,-290.16885
825,-304.35303
826,-306.5949
827,-302.63776
828,-292.14786
829,-305.7776
830,-308.33347
831,-324.11655
832,-317.7092
833,-306.82303
834,-317.65753
835,-318.56854
836,-316.80786
837,-296.8166
838,-316.03226
839,-297.78613
840,-295.5104
841,-289.39148
842,-308.5136
843,-300.53214
844,-307.4529
845,-301.31635
846,-305.41443
847,-301.63477
848,-299.17224
849,-302.35056
850,-290.68823
851,-320.2444
852,-292.7859
853,-306.14532
854,-315.66467
855,-319.1571
856,-304.94305
857,-296.40643
858,-322.93683
859,-301.76672
860,-303.32153
861,-307.5128
862,-300.93372
863,-306.13843
864,-300.32025
865,-313.79034
866,-290.91165
867,-309.34695
868,-297.46527
869,-303.0116
870,-313.7049
871,-293.3324
872,-307.50952
873,-316.89523
874,-311.27856
875,-297.168
876,-303.6514
877,-311.56787
878,-302.91095
879,-311.75525
880,-314.74493
881,-295.82098
882,-298.37216
883,-293.34326
884,-309.53537
885,-305.95612
886,-304.16943
887,-313.74512
888,-306.65622
889,-304.41528
890,-310.33588
891,-300.32385
892,-299.95923
893,-315.16315
894,-310.95514
895,-324.93948
896,-304.16858
897,-299.95108
898,-322.07788
899,-304.83026
900,-307.33667
901,-311.7931
902,-309.55048
903,-324.46698
904,-293.65738
905,-292.9952
906,-304.8794
907,-291.85608
908,-285.43124
909,-308.8528
910,-309.0321
911,-303.42554
912,-289.17053
913,-313.0837
914,-315.6503
915,-317.1286
916,-323.94278
917,-308.11877
918,-299.47015
919,-302.69504
920,-309.98383
921,-296.04584
922,-302.31763
923,-308.89188
924,-301.75806
925,-309.39105
926,-310.27875
927,-304.14362
928,-319.76694
929,-316.80383
930,-314.76526
931,-313.84393
932,-295.99738
933,-305.641
934,-320.11185
935,-304.9336
936,-291.72952
937,-303.4964
938,-294.9708
939,-309.65955
940,-305.83524
941,-296.08282
942,-290.76117
943,-291.2149
944,-306.8633
945,-301.79755
946,-291.4807
947,-287.12463
948,-300.16498
949,-298.99338
950,-296.30743
951,-303.39758
952,-312.84515
953,-310.56064
954,-305.38586
955,-305.36115
956,-313.35895
957,-296.37244
958,-305.2243
959,-290.94122
960,-311.08044
961,-300.9202
962,-311.12573
963,-288.24152
964,-291.65674
965,-309.45273
966,-310.2817
967,-314.07324
968,-307.3048
969,-301.4817
970,-302.1257
971,-316.42645
972,-311.71213
973,-303.21936
974,-304.89447
975,-299.23767
976,-306.37292
977,-308.33047
978,-318.18036
979,-306.2511
980,-294.18103
981,-293.36124
982,-309.0727
983,-311.27124
984,-302.38397
985,-297.22226
986,-292.8504
987,-313.0951
988,-313.6015
989,-303.96295
990,-303.33466
991,-300.13287
992,-314.12457
993,-300.04596
994,-286.18408
995,-301.59827
996,-311.06845
997,-305.34454
998,-307.4939
999,-303.656
1000,-303.06583
1001,-305.80698
1002,-310.49713
1003,-309.54282
1004,-306.80286
1005,-320.56763
1006,-318.07047
1007,-319.753
1008,-303.2964
1009,-324.93512
1010,-294.92682
1011,-301.12485
1012,-291.3324
1013,-312.14648
1014,-317.77875
1015,-315.34784
1016,-305.65094
1017,-319.75247
1018,-309.4486
1019,-317.84796
1020,-309.1286
1021,-301.7342
1022,-294.22772
1023,-303.9378
1024,-319.47095
1025,-312.06918
1026,-301.52542
1027,-299.57947
1028,-312.08502
1029,-300.9687
1030,-305.4074
1031,-303.50372
1032,-291.62424
1033,-309.29944
1034,-309.97946
1035,-307.40222
1036,-305.09937
1037,-321.4895
1038,-307.65594
1039,-285.3534
1040,-305.81427
1041,-308.14362
1042,-303.5556
1043,-312.29315
1044,-318.60614
1045,-305.52838
1046,-302.6142
1047,-306.81195
1048,-320.38806
1049,-305.70135
1050,-305.74136
1051,-297.54102
1052,-288.77576
1053,-305.54614
1054,-299.18988
1055,-299.64075
1056,-301.88254
1057,-286.54688
1058,-294.60297
1059,-304.54535
1060,-287.21844
1061,-288.13876
1062,-320.81244
1063,-296.8509
1064,-287.16974
1065,-298.8932
1066,-302.48953
1067,-290.4449
1068,-318.82306
1069,-306.07913
1070,-288.08044
1071,-296.7146
1072,-295.10333
1073,-311.95886
1074,-318.28745
1075,-308.9276
1076,-288.52496
1077,-304.22595
1078,-306.94385
1079,-311.73663
1080,-305.51157
1081,-308.51013
1082,-316.45428
1083,-313.09238
1084,-298.15076
1085,-311.494
1086,-317.12915
1087,-305.63837
1088,-302.56158
1089,-320.33215
1090,-310.77936
1091,-306.98566
1092,-305.51483
1093,-289.86847
1094,-302.38257
1095,-318.33014
1096,-306.36658
1097,-302.56738
1098,-309.22894
1099,-303.10037
1100,-294.4934
1101,-299.0027
1102,-321.14224
1103,-315.09677
1104,-286.58167
1105,-320.09192
1106,-306.25772
1107,-303.61993
1108,-305.3512
1109,-305.2646
1110,-304.75632
1111,-296.44397
1112,-307.82172
1113,-309.32956
1114,-293.6646
1115,-320.11157
1116,-304.54938
1117,-323.48895
1118,-291.5504
1119,-322.4458
1120,-309.03558
1121,-310.0766
1122,-305.18417
1123,-308.72528
1124,-293.91174
1125,-305.9452
1126,-306.55627
1127,-308.3233
1128,-307.95288
1129,-294.94098
1130,-314.86548
1131,-312.6171
1132,-302.9159
1133,-323.4834
1134,-307.239
1135,-310.5067
1136,-324.43628
1137,-317.0229
1138,-302.3282
1139,-298.13525
1140,-300.09134
1141,-306.4962
1142,-288.94885
1143,-297.30737
1144,-324.16644
1145,-309.10358
1146,-316.20502
1147,-289.039
1148,-302.999
1149,-285.81635
1150,-319.4852
1151,-314.64618
1152,-324.88617
1153,-327.4386
1154,-307.34808
1155,-305.6147
1156,-305.40936
1157,-299.0857
1158,-285.07556
1159,-301.6432
1160,-319.2246
1161,-297.62317
1162,-306.30334
1163,-298.52686
1164,-323.08963
1165,-318.2069
1166,-289.71783
1167,-306.90442
1168,-314.076
1169,-291.57886
1170,-319.8952
1171,-306.19006
1172,-314.27307
1173,-294.89163
1174,-316.11847
1175,-312.1659
1176,-305.71103
1177,-304.86932
1178,-300.50125
1179,-300.14648
1180,-326.72986
1181,-302.07538
1182,-309.93976
1183,-309.90463
1184,-310.63574
1185,-310.0033
1186,-293.7995
1187,-311.5373
1188,-309.65488
1189,-321.12653
1190,-312.7798
1191,-311.77896
1192,-316.12097
1193,-313.89117
1194,-311.80035
1195,-295.59494
1196,-293.4585
1197,-292.66028
1198,-309.76248
1199,-299.91376
1200,-293.52127
1201,-298.43295
1202,-311.7721
1203,-316.49396
1204,-304.90967
1205,-313.69977
1206,-303.32794
1207,-304.51263
1208,-308.07104
1209,-307.50552
1210,-304.10565
1211,-308.3891
1212,-305.54938
1213,-314.74207
1214,-295.11353
1215,-292.8299
1216,-304.95435
1217,-317.1842
1218,-305.12216
1219,-303.54803
1220,-303.55695
1221,-315.68298
1222,-304.53958
1223,-293.5202
1224,-319.57904
1225,-309.26855
1226,-322.2845
1227,-296.7119
1228,-321.12994
1229,-303.833
1230,-298.0105
1231,-305.21893
1232,-313.7527
1233,-292.20993
1234,-301.57776
1235,-304.37802
1236,-311.9644
1237,-306.22333
1238,-307.76028
1239,-325.1334
1240,-300.8079
1241,-312.7044
1242,-300.29776
1243,-301.22833
1244,-298.81207
1245,-307.04297
1246,-308.1043
1247,-307.1427
1248,-304.15182
1249,-306.21545
1250,-308.1496
1251,-307.52515
1252,-307.80066
1253,-295.4225
1254,-305.22516
1255,-299.22736
1256,-305.7774
1257,-294.59088
1258,-300.52042
1259,-309.8822
1260,-303.17175
1261,-299.3415
1262,-314.6754
1263,-301.88348
1264,-307.62952
1265,-302.4959
1266,-309.2645
1267,-322.59192
1268,-296.64117
1269,-284.50513
1270,-294.19208
1271,-301.00018
1272,-310.73206
1273,-304.6504
1274,-304.5568
1275,-286.30908
1276,-296.62454
1277,-311.91577
1278,-299.3783
1279,-306.0844
1280,-302.9619
1281,-307.2635
1282,-293.14746
1283,-307.77707
1284,-314.6422
1285,-316.742
1286,-323.70673
1287,-303.4289
1288,-304.2173
1289,-302.97488
1290,-318.43
1291,-308.01672
1292,-288.77472
1293,-311.43213
1294,-320.6044
1295,-307.60068
1296,-308.6002
1297,-300.03442
1298,-295.48206
1299,-318.73407
1300,-301.84314
1301,-308.0617
1302,-316.00165
1303,-318.67535
1304,-317.6655
1305,-301.03265
1306,-298.81528
1307,-318.7569
1308,-292.59338
1309,-301.0514
1310,-307.78058
1311,-313.66412
1312,-320.8015
1313,-297.52893
1314,-287.20386
1315,-292.86646
1316,-321.58185
1317,-305.7541
1318,-318.6032
1319,-320.8374
1320,-305.9374
1321,-305.5671
1322,-303.08423
1323,-306.06635
1324,-293.8374
1325,-318.1855
1326,-299.34268
1327,-292.2033
1328,-320.3195
1329,-315.74075
1330,-321.85605
1331,-307.02945
1332,-316.08038
1333,-302.7499
1334,-290.7636
1335,-302.1384
1336,-294.93784
1337,-313.8393
1338,-315.05643
1339,-305.51184
1340,-304.2077
1341,-319.4648
1342,-299.73798
1343,-320.00763
1344,-299.72583
1345,-300.54886
1346,-323.04498
1347,-317.49832
1348,-304.977
1349,-293.0014
1350,-291.31848
1351,-287.22375
1352,-301.5765
1353,-304.42236
1354,-311.05368
1355,-288.98688
1356,-306.0852
1357,-300.96173
1358,-305.9031
1359,-305.6018
1360,-313.82288
1361,-317.3624
1362,-319.07184
1363,-299.07306
1364,-295.65192
1365,-316.53558
1366,-312.61282
1367,-308.25494
1368,-305.2665
1369,-313.24457
1370,-306.7699
1371,-303.98627
1372,-313.22852
1373,-293.58636
1374,-300.16672
1375,-302.96497
1376,-295.16888
1377,-300.75677
1378,-305.72888
1379,-309.42365
1380,-298.1305
1381,-306.2845
1382,-309.28888
1383,-308.3139
1384,-313.85223
1385,-318.3806
1386,-309.37982
1387,-305.13007
1388,-316.31094
1389,-318.24872
1390,-304.66223
1391,-297.79022
1392,-301.45
1393,-307.27667
1394,-316.6513
1395,-297.4969
1396,-315.51752
1397,-308.838
1398,-308.56775
1399,-303.82153
1400,-307.7353
1401,-293.12567
1402,-319.36725
1403,-306.148
1404,-312.73938
1405,-323.54327
1406,-286.4969
1407,-302.437
1408,-314.5124
1409,-288.18695
1410,-311.81927
1411,-300.38303
1412,-319.2713
1413,-308.3439
1414,-294.62518
1415,-307.62643
1416,-302.59045
1417,-300.18845
1418,-309.4958
1419,-295.93875
1420,-307.39758
1421,-304.60727
1422,-311.63617
1423,-318.57748
1424,-303.0808
1425,-310.57758
1426,-293.33054
1427,-307.2233
1428,-309.42706
1429,-303.36386
1430,-306.69955
1431,-311.3891
1432,-313.4224
1433,-303.62253
1434,-310.7344
1435,-314.42355
1436,-310.53326
1437,-316.35657
1438,-313.29974
1439,-300.07428
1440,-318.54333
1441,-306.6682
1442,-305.4715
1443,-319.3939
1444,-290.03375
1445,-317.88855
1446,-293.90768
1447,-309.17285
1448,-302.27878
1449,-295.16656
1450,-290.22058
1451,-304.8638
1452,-315.8249
1453,-319.549
1454,-292.11697
1455,-303.4735
1456,-300.61444
1457,-302.83875
1458,-299.48505
1459,-306.7318
1460,-312.30334
1461,-295.72723
1462,-294.37445
1463,-305.06555
1464,-309.29706
1465,-294.71893
1466,-305.67444
1467,-292.80432
1468,-285.55615
1469,-301.68768
1470,-320.2445
1471,-312.9287
1472,-307.96295
1473,-292.61536
1474,-301.4162
1475,-307.64343
1476,-321.94992
1477,-305.1012
1478,-310.63226
1479,-289.85406
1480,-294.07336
1481,-320.7859
1482,-309.83038
1483,-318.8432
1484,-303.63562
1485,-308.56488
1486,-302.33096
1487,-290.41492
1488,-315.03284
1489,-303.56274
1490,-301.37213
1491,-320.0981
1492,-308.26764
1493,-292.05676
1494,-319.73132
1495,-308.47168
1496,-309.22894
1497,-315.57825
1498,-310.93808
1499,-304.9782
1500,-320.08765
1501,-311.69086
1502,-312.6634
1503,-288.9051
1504,-306.1772
1505,-304.54562
1506,-298.27835
1507,-302.4497
1508,-293.58307
1509,-313.24774
1510,-294.03705
1511,-298.25766
1512,-301.8312
1513,-314.02368
1514,-296.10315
1515,-295.41626
1516,-309.1859
1517,-309.09366
1518,-313.10107
1519,-305.34668
1520,-305.47226
1521,-296.6584
1522,-306.50018
1523,-299.3836
1524,-294.1831
1525,-312.53577
1526,-318.56232
1527,-307.06012
1528,-318.71332
1529,-309.70096
1530,-302.1598
1531,-306.96777
1532,-304.51724
1533,-303.8805
1534,-308.7066
1535,-300.69583
1536,-299.62903
1537,-316.7204
1538,-303.32712
1539,-297.94946
1540,-306.7593
1541,-306.623
1542,-324.44025
1543,-299.71918
1544,-287.5474
1545,-319.24246
1546,-315.31024
1547,-292.69662
1548,-299.8144
1549,-294.40552
1550,-303.41632
1551,-320.95862
1552,-304.24963
1553,-299.93674
1554,-294.49457
1555,-290.82825
1556,-309.71136
1557,-314.93033
1558,-314.05914
1559,-303.96646
1560,-317.52734
1561,-316.47604
1562,-306.81482
1563,-304.44342
1564,-314.72406
1565,-318.54578
1566,-295.74585
1567,-305.92657
1568,-301.75403
1569,-289.59332
1570,-292.7273
1571,-298.17184
1572,-308.85397
1573,-308.8117
1574,-313.1047
1575,-312.19125
1576,-306.11163
1577,-304.73874
1578,-313.30627
1579,-292.19928
1580,-306.747
1581,-299.46478
1582,-305.1714
1583,-317.00256
1584,-316.1179
1585,-303.55457
1586,-303.8167
1587,-319.12027
1588,-300.51172
1589,-302.2118
1590,-306.54782
1591,-295.32452
1592,-302.4623
1593,-297.8061
1594,-298.7109
1595,-294.75653
1596,-314.82986
1597,-309.80457
1598,-299.49902
1599,-290.87936
1600,-299.79108
1601,-310.84796
1602,-297.192
1603,-311.07184
1604,-302.0329
1605,-292.88138
1606,-295.51923
1607,-294.1415
1608,-300.3919
1609,-313.66394
1610,-320.77896
1611,-316.25858
1612,-296.11884
1613,-315.0741
1614,-299.1513
1615,-301.41473
1616,-309.28577
1617,-308.5448
1618,-305.51917
1619,-310.11163
1620,-302.96808
1621,-299.10504
1622,-311.9474
1623,-299.7531
1624,-313.57166
1625,-300.85117
1626,-317.31512
1627,-302.0027
1628,-316.77567
1629,-308.14612
1630,-301.513
1631,-315.54153
1632,-324.5952
1633,-300.46118
1634,-308.89304
1635,-303.20963
1636,-293.07574
1637,-303.54755
1638,-324.27615
1639,-304.6781
1640,-289.57047
1641,-309.70032
1642,-304.47745
1643,-319.36676
1644,-295.70276
1645,-299.19135
1646,-306.12146
1647,-292.31042
1648,-312.553
1649,-303.1524
1650,-322.90717
1651,-298.37463
1652,-303.99567
1653,-299.4389
1654,-296.1406
1655,-296.1156
1656,-304.61212
1657,-288.72968
1658,-304.84464
1659,-312.7086
1660,-310.7115
1661,-321.09982
1662,-294.91235
1663,-308.18683
1664,-295.6753
1665,-291.68576
1666,-301.04248
1667,-306.95883
1668,-301.90424
1669,-314.1323
1670,-305.25128
1671,-315.10828
1672,-301.08896
1673,-304.0077
1674,-309.77884
1675,-311.5014
1676,-292.4312
1677,-299.29495
1678,-296.8511
1679,-312.26242
1680,-291.02557
1681,-316.3772
1682,-304.1783
1683,-298.04443
1684,-308.41925
1685,-295.82025
1686,-305.5531
1687,-300.938
1688,-296.54468
1689,-308.3436
1690,-304.80298
1691,-318.54373
1692,-293.60248
1693,-294.97913
1694,-316.90717
1695,-304.12567
1696,-323.33984
1697,-300.73547
1698,-306.45605
1699,-310.48483
1700,-294.40012
1701,-306.54242
1702,-317.92776
1703,-310.41162
1704,-306.78406
1705,-312.56244
1706,-306.35626
1707,-308.75052
1708,-306.71677
1709,-308.63412
1710,-298.40308
1711,-312.58035
1712,-303.32178
1713,-303.0617
1714,-317.9295
1715,-306.50635
1716,-310.11694
1717,-305.1843
1718,-296.69327
1719,-310.90417
1720,-300.42386
1721,-295.0114
1722,-306.8188
1723,-300.33328
1724,-304.82983
1725,-306.3739
1726,-308.37482
1727,-313.75873
1728,-295.40356
1729,-292.31873
1730,-301.0971
1731,-298.255
1732,-326.00098
1733,-310.9403
1734,-306.54456
1735,-295.6407
1736,-310.49408
1737,-296.174
1738,-298.81323
1739,-299.12485
1740,-301.96744
1741,-310.37653
1742,-298.5695
1743,-314.51105
1744,-303.563
1745,-295.06262
1746,-310.1718
1747,-308.84625
1748,-315.44904
1749,-292.63873
1750,-311.07242
1751,-313.6723
1752,-309.6797
1753,-293.57355
1754,-307.03882
1755,-306.96393
1756,-312.23914
1757,-321.5942
1758,-292.09586
1759,-308.25317
1760,-296.83633
1761,-297.97952
1762,-310.68646
1763,-311.6964
1764,-293.1607
1765,-311.91483
1766,-292.0824
1767,-289.93536
1768,-298.04156
1769,-306.59674
1770,-289.23248
1771,-300.46594
1772,-309.90625
1773,-301.00754
1774,-306.67706
1775,-305.24457
1776,-310.22742
1777,-300.3558
1778,-303.63382
1779,-306.27072
1780,-309.3023
1781,-296.28668
1782,-311.4074
1783,-294.31906
1784,-307.85168
1785,-316.5463
1786,-300.51007
1787,-305.875
1788,-317.76605
1789,-304.15753
1790,-292.42456
1791,-299.7964
1792,-289.73688
1793,-319.05066
1794,-295.79773
1795,-287.4411
1796,-306.68988
1797,-309.13797
1798,-295.08032
1799,-324.90045
1800,-305.48685
1801,-294.00043
1802,-312.34238
1803,-293.19183
1804,-304.11554
1805,-305.83813
1806,-301.0178
1807,-307.56784
1808,-310.32208
1809,-321.161
1810,-314.84064
1811,-302.1476
1812,-294.08072
1813,-312.97064
1814,-296.5681
1815,-321.4303
1816,-291.54175
1817,-295.2705
1818,-296.42798
1819,-315.85916
1820,-303.70917
1821,-299.42163
1822,-294.94434
1823,-307.73782
1824,-299.37082
1825,-296.6123
1826,-299.91913
1827,-290.45193
1828,-302.3613
1829,-322.28506
1830,-307.95154
1831,-317.72894
1832,-318.3956
1833,-304.67603
1834,-291.85825
1835,-300.87125
1836,-324.81808
1837,-300.92456
1838,-304.92844
1839,-313.51654
1840,-312.32355
1841,-314.74905
1842,-294.2963
1843,-301.94995
1844,-301.0055
1845,-305.9612
1846,-312.50067
1847,-295.8888
1848,-311.5116
1849,-297.19574
1850,-298.74905
1851,-322.06293
1852,-319.1553
1853,-310.497
1854,-313.94858
1855,-320.2531
1856,-310.33142
1857,-290.50406
1858,-310.07068
1859,-307.0592
1860,-303.20615
1861,-305.03406
1862,-294.01645
1863,-302.68454
1864,-298.37573
1865,-294.94424
1866,-296.88678
1867,-309.91028
1868,-300.89093
1869,-309.16232
1870,-310.16144
1871,-301.2245
1872,-292.10773
1873,-302.9634
1874,-302.18372
1875,-319.50708
1876,-305.50085
1877,-304.81372
1878,-292.8909
1879,-323.51593
1880,-316.47437
1881,-318.25305
1882,-305.56384
1883,-290.62805
1884,-313.60803
1885,-294.0211
1886,-305.04468
1887,-299.75427
1888,-290.4167
1889,-292.64062
1890,-307.78082
1891,-314.505
1892,-304.93848
1893,-301.5758
1894,-290.972
1895,-310.29736
1896,-298.6447
1897,-302.0147
1898,-310.34665
1899,-313.74002
1900,-312.5191
1901,-299.45065
1902,-300.6826
1903,-309.52808
1904,-301.6859
1905,-306.06964
1906,-302.95065
1907,-317.79816
1908,-301.6492
1909,-304.26254
1910,-313.61993
1911,-301.3913
1912,-312.38318
1913,-299.89935
1914,-310.95544
1915,-314.04712
1916,-316.06503
1917,-304.7605
1918,-298.56265
1919,-293.698
1920,-300.06915
1921,-320.40714
1922,-294.44043
1923,-312.03363
1924,-315.5097
1925,-312.013
1926,-303.84503
1927,-307.3853
1928,-289.27805
1929,-316.5475
1930,-310.36142
1931,-302.57477
1932,-305.33997
1933,-311.29938
1934,-294.97614
1935,-303.95972
1936,-319.25076
1937,-311.03256
1938,-315.57727
1939,-299.06534
1940,-304.1593
1941,-316.12906
1942,-290.10913
1943,-321.94058
1944,-297.4572
1945,-303.4513
1946,-297.4893
1947,-311.49078
1948,-310.87347
1949,-297.12436
1950,-292.3534
1951,-313.76648
1952,-292.21848
1953,-311.23083
1954,-314.80246
1955,-308.4733
1956,-311.5799
1957,-301.72302
1958,-296.71136
1959,-287.50806
1960,-310.41663
1961,-304.33142
1962,-289.14783
1963,-294.4758
1964,-294.81396
1965,-305.44736
1966,-312.081
1967,-302.98743
1968,-300.63947
1969,-301.21933
1970,-311.30444
1971,-289.89468
1972,-304.9502
1973,-311.1875
1974,-317.23438
1975,-312.63202
1976,-320.5176
1977,-287.21527
1978,-295.97342
1979,-305.6448
1980,-319.24524
1981,-297.58795
1982,-313.00388
1983,-294.90512
1984,-321.72272
1985,-308.73145
1986,-313.0285
1987,-297.29327
1988,-301.8284
1989,-316.2042
1990,-296.88953
1991,-305.55753
1992,-295.80954
1993,-314.43817
1994,-323.11646
1995,-315.23462
1996,-313.99493
1997,-309.33447
1998,-317.70547
1999,-312.3983
2000,-299.89233
2001,-291.7507
2002,-306.16748
2003,-304.14838
2004,-298.2503
2005,-303.7326
2006,-313.9443
2007,-305.42285
2008,-297.00903
2009,-294.74536
2010,-306.95007
2011,-314.71088
2012,-293.97232
2013,-315.03705
2014,-295.3001
2015,-319.42188
2016,-292.3437
2017,-294.6087
2018,-321.30032
2019,-319.97205
2020,-299.14514
2021,-317.06824
2022,-295.05426
2023,-301.36072
2024,-298.9853
2025,-306.3609
2026,-293.40448
2027,-293.55435
2028,-292.409
2029,-323.64258
2030,-299.3778
2031,-314.3454
2032,-300.14197
2033,-299.14246
2034,-308.11255
2035,-312.81232
2036,-325.62854
2037,-308.87985
2038,-291.66217
2039,-310.6639
2040,-294.8826
2041,-303.22314
2042,-308.28796
2043,-293.5887
2044,-296.4759
2045,-320.89594
2046,-302.08252
2047,-303.43704
2048,-298.17188
2049,-301.46085
2050,-306.88977
2051,-303.55377
2052,-296.3899
2053,-306.48077
2054,-310.1585
2055,-301.58542
2056,-303.0827
2057,-319.34644
2058,-314.67792
2059,-313.968
2060,-292.7751
2061,-310.47192
2062,-300.3875
2063,-307.0782
2064,-296.82663
2065,-299.99493
2066,-319.6499
2067,-294.85306
2068,-308.34622
2069,-300.31195
2070,-309.60187
2071,-310.77673
2072,-307.8661
2073,-312.4806
2074,-310.24823
2075,-304.96198
2076,-305.4558
2077,-287.125
2078,-303.40833
2079,-291.5373
2080,-307.26404
2081,-307.61084
2082,-310.19662
2083,-306.8388
2084,-318.08365
2085,-301.88428
2086,-311.45395
2087,-296.77344
2088,-320.3836
2089,-299.24506
2090,-299.21332
2091,-309.78397
2092,-306.37097
2093,-308.79834
2094,-314.70117
2095,-316.78543
2096,-303.83582
2097,-291.56473
2098,-314.72223
2099,-288.3437
2100,-298.32208
2101,-303.0089
2102,-313.8155
2103,-296.7354
2104,-305.06622
2105,-321.82187
2106,-304.35196
2107,-309.12268
2108,-299.27695
2109,-304.94427
2110,-320.86398
2111,-289.7756
2112,-301.67566
2113,-296.45374
2114,-307.04062
2115,-295.8639
2116,-318.27936
2117,-293.7201
2118,-320.18964
2119,-310.47058
2120,-295.18704
2121,-306.3654
2122,-307.6238
2123,-317.9037
2124,-294.91116
2125,-296.5511
2126,-299.90393
2127,-303.9925
2128,-306.24875
2129,-293.04172
2130,-300.52777
2131,-311.72632
2132,-298.8684
2133,-313.97275
2134,-314.69104
2135,-310.25378
2136,-321.04486
2137,-307.59036
2138,-306.05035
2139,-310.61517
2140,-304.63986
2141,-301.31116
2142,-317.9117
2143,-307.3946
2144,-316.94196
2145,-305.9911
2146,-291.42026
2147,-299.19757
2148,-304.1298
2149,-296.5141
2150,-299.70374
2151,-318.1211
2152,-303.77118
2153,-294.1191
2154,-309.4212
2155,-312.23743
2156,-312.02316
2157,-294.39795
2158,-312.05756
2159,-290.2989
2160,-295.26144
2161,-305.28467
2162,-319.2158
2163,-300.6219
2164,-302.07275
2165,-291.4381
2166,-293.72226
2167,-299.5191
2168,-303.47412
2169,-310.07263
2170,-306.71802
2171,-316.80118
2172,-301.4994
2173,-293.9253
2174,-295.35553
2175,-297.53156
2176,-308.45056
2177,-322.26605
2178,-299.42377
2179,-304.9353
2180,-315.14636
2181,-303.26367
2182,-295.14062
2183,-305.66235
2184,-300.99985
2185,-299.3591
2186,-312.3912
2187,-323.2669
2188,-305.25513
2189,-291.0559
2190,-302.25085
2191,-292.04742
2192,-322.95605
2193,-317.01306
2194,-314.9597
2195,-308.8596
2196,-305.39636
2197,-303.85382
2198,-300.9177
2199,-320.29535
2200,-297.0724
2201,-289.39618
2202,-320.78363
2203,-286.14282
2204,-318.6003
2205,-308.9279
2206,-293.65186
2207,-312.21014
2208,-314.36887
2209,-305.04266
2210,-311.66418
2211,-309.792
2212,-318.89587
2213,-294.09622
2214,-315.29578
2215,-293.3761
2216,-304.41174
2217,-305.55075
2218,-312.18826
2219,-298.55762
2220,-311.85394
2221,-303.99405
2222,-303.88318
2223,-306.85443
2224,-294.60925
2225,-318.7186
2226,-295.45078
2227,-317.28366
2228,-303.7497
2229,-300.42548
2230,-314.3401
2231,-308.0127
2232,-318.99316
2233,-310.99826
2234,-300.20154
2235,-304.2779
2236,-290.20514
2237,-313.02646
2238,-304.758
2239,-299.19827
2240,-307.3546
2241,-281.8061
2242,-317.8993
2243,-300.29083
2244,-312.47546
2245,-301.25635
2246,-315.4137
2247,-298.46613
2248,-315.85297
2249,-306.9944
2250,-313.6267
2251,-300.03912
2252,-301.4277
2253,-304.99045
2254,-323.16702
2255,-296.40143
2256,-318.89252
2257,-303.6538
2258,-313.2149
2259,-292.2467
2260,-290.15704
2261,-291.56573
2262,-314.40704
2263,-283.99713
2264,-307.34024
2265,-303.60822
2266,-296.96094
2267,-310.9855
2268,-305.7954
2269,-310.7709
2270,-315.40884
2271,-299.59024
2272,-313.1064
2273,-317.69406
2274,-295.5708
2275,-305.07184
2276,-293.3192
2277,-308.99088
2278,-302.8901
2279,-298.8208
2280,-288.2199
2281,-311.57666
2282,-312.10754
2283,-300.86627
2284,-288.80667
2285,-306.76907
2286,-305.0951
2287,-311.89258
2288,-296.46402
2289,-311.69196
2290,-303.96533
2291,-312.1552
2292,-300.0697
2293,-294.75082
2294,-302.437
2295,-319.26398
2296,-323.39905
2297,-293.2906
2298,-311.51532
2299,-306.6628
2300,-305.89435
2301,-304.3437
2302,-294.58856
2303,-312.71304
2304,-305.86554
2305,-294.42578
2306,-309.99115
2307,-306.18613
2308,-300.20782
2309,-306.98206
2310,-322.90692
2311,-285.62875
2312,-314.81696
2313,-320.51636
2314,-295.04968
2315,-295.4283
2316,-318.2719
2317,-310.9425
2318,-317.5109
2319,-314.97192
2320,-289.8395
2321,-298.8606
2322,-298.6542
2323,-319.5763
2324,-306.53455
2325,-298.48254
2326,-313.63092
2327,-297.06473
2328,-309.25064
2329,-304.05536
2330,-285.09424
2331,-299.51465
2332,-290.81586
2333,-323.2155
2334,-287.8099
2335,-317.4735
2336,-308.13452
2337,-308.29968
2338,-299.69458
2339,-300.19965
2340,-288.02612
2341,-304.78162
2342,-298.68536
2343,-322.6282
2344,-315.0357
2345,-306.80566
2346,-299.76483
2347,-300.65387
2348,-300.8981
2349,-306.2348
