3,-256.9182
4,-250.54562
5,-255.90529
6,-269.8059
7,-244.40993
8,-230.00151
9,-262.61975
10,-244.37512
11,-241.55966
12,-243.06648
13,-265.99396
14,-271.02362
15,-264.4278
16,-257.25372
17,-260.3047
18,-257.91693
19,-249.91599
20,-243.46104
21,-253.60841
22,-258.1883
23,-254.91875
24,-237.10283
25,-244.0443
26,-299.08478
27,-318.7605
28,-398.11
29,-399.2127
30,-400.0
31,-400.0
32,-400.0
33,-400.0
34,-400.0
35,-400.0
36,-400.0
37,-400.0
38,-400.0
39,-400.0
40,-400.0
41,-400.0
42,-400.0
43,-400.0
44,-400.0
45,-396.976
46,-376.94757
47,-389.55164
48,-398.52026
49,-378.7259
50,-362.43915
51,-376.01187
52,-385.31488
53,-381.78802
54,-374.97174
55,-385.60965
56,-368.46082
57,-383.74323
58,-393.28122
59,-376.77914
60,-371.2353
61,-398.57367
62,-384.161
63,-369.37177
64,-372.9064
65,-368.68878
66,-388.39523
67,-386.63364
68,-370.34735
69,-357.3151
70,-385.67264
71,-376.29968
72,-384.797
73,-373.22614
74,-379.32416
75,-386.49893
76,-380.18845
77,-389.32574
78,-376.61102
79,-380.6665
80,-382.91626
81,-381.31567
82,-385.8009
83,-359.6463
84,-371.06866
85,-381.13754
86,-377.19492
87,-382.17615
88,-378.2262
89,-367.9193
90,-377.04352
91,-383.92325
92,-370.91666
93,-387.80408
94,-372.74127
95,-390.70465
96,-387.02585
97,-362.9665
98,-394.78458
99,-357.45197
100,-309.90784
101,-277.50214
102,-273.13324
103,-263.62537
104,-185.22748
105,-41.786316
106,-84.09474
107,-116.92212
108,-150.67761
109,-152.21165
110,-167.35394
111,-204.16333
112,-210.8804
113,-229.98418
114,-235.64893
115,-246.0574
116,-249.25786
117,-243.9388
118,-257.5131
119,-246.98302
120,-254.33794
121,-259.3915
122,-268.9572
123,-266.6532
124,-269.10544
125,-257.1822
126,-272.72833
127,-267.8304
128,-274.1076
129,-271.3165
130,-261.07776
131,-260.9367
132,-256.44495
133,-400.0
134,-400.0
135,-400.0
136,-400.0
137,-400.0
138,-400.0
139,-400.0
140,-400.0
141,-400.0
142,-400.0
143,-400.0
144,-400.0
145,-400.0
146,-400.0
147,-400.0
148,-400.0
149,-400.0
150,-400.0
151,-389.7142
152,-400.0
153,-400.0
154,-400.0
155,-400.0
156,-400.0
157,-400.0
158,-400.0
159,-400.0
160,-400.0
161,-400.0
162,-400.0
163,-400.0
164,-400.0
165,-400.0
166,-400.0
167,-391.14893
168,-400.0
169,-400.0
170,-400.0
171,-400.0
172,-400.0
173,-400.0
174,-400.0
175,-400.0
176,-400.0
177,-400.0
178,-400.0
179,-400.0
180,-400.0
181,-400.0
182,-400.0
183,-400.0
184,-400.0
186,-400.0
186,-400.0
187,-400.0
188,-400.0
189,-400.0
190,-400.0
191,-400.0
192,-400.0
193,-400.0
194,-400.0
195,-400.0
196,-400.0
197,-400.0
198,-400.0
199,-400.0
200,-400.0
201,-400.0
202,-400.0
203,-400.0
204,-400.0
205,-400.0
206,-400.0
207,-400.0
208,-400.0
209,-400.0
210,-400.0
211,-400.0
212,-400.0
213,-400.0
214,-400.0
215,-400.0
216,-397.83514
217,-400.0
218,-400.0
219,-400.0
220,-400.0
221,-400.0
222,-400.0
223,-400.0
224,-400.0
225,-400.0
226,-400.0
227,-400.0
228,-400.0
229,-400.0
230,-400.0
231,-400.0
232,-400.0
233,-400.0
234,-400.0
235,-400.0
236,-400.0
237,-400.0
238,-400.0
239,-400.0
240,-400.0
241,-400.0
242,-400.0
243,-400.0
244,-400.0
245,-400.0
246,-400.0
247,-400.0
248,-400.0
249,-400.0
250,-400.0
251,-400.0
252,-400.0
253,-400.0
254,-396.76422
255,-400.0
256,-400.0
257,-400.0
258,-400.0
259,-400.0
260,-400.0
261,-400.0
262,-400.0
263,-400.0
264,-400.0
265,-400.0
266,-400.0
267,-400.0
268,-400.0
269,-400.0
270,-400.0
271,-400.0
272,-400.0
273,-400.0
274,-400.0
275,-400.0
276,-400.0
277,-400.0
278,-400.0
279,-400.0
280,-400.0
281,-400.0
282,-400.0
283,-400.0
284,-399.6071
285,-400.0
286,-400.0
287,-400.0
288,-400.0
289,-400.0
290,-400.0
291,-400.0
292,-400.0
293,-400.0
294,-400.0
295,-400.0
296,-400.0
297,-400.0
298,-400.0
299,-400.0
300,-399.59
301,-400.0
302,-400.0
303,-400.0
304,-400.0
305,-400.0
306,-400.0
307,-400.0
308,-400.0
309,-400.0
310,-400.0
311,-400.0
312,-400.0
313,-400.0
314,-400.0
315,-400.0
316,-400.0
317,-400.0
318,-400.0
319,-400.0
320,-400.0
321,-400.0
322,-400.0
323,-400.0
324,-400.0
325,-400.0
326,-400.0
327,-400.0
328,-400.0
329,-400.0
330,-400.0
331,-400.0
332,-393.79822
333,-400.0
334,-400.0
335,-400.0
336,-400.0
337,-400.0
338,-400.0
339,-400.0
340,-400.0
341,-400.0
342,-400.0
343,-400.0
344,-400.0
345,-400.0
346,-400.0
347,-400.0
348,-400.0
349,-400.0
350,-400.0
351,-400.0
352,-400.0
353,-400.0
354,-400.0
355,-400.0
356,-400.0
357,-400.0
358,-400.0
359,-400.0
360,-400.0
361,-400.0
362,-399.85785
363,-400.0
364,-400.0
365,-397.4073
366,-400.0
367,-400.0
368,-400.0
369,-400.0
370,-400.0
371,-400.0
372,-400.0
373,-400.0
374,-400.0
375,-400.0
376,-400.0
377,-400.0
378,-400.0
379,-400.0
380,-400.0
381,-400.0
382,-397.24503
383,-400.0
384,-400.0
385,-400.0
386,-400.0
387,-400.0
388,-400.0
389,-400.0
390,-400.0
391,-400.0
392,-400.0
393,-400.0
394,-400.0
395,-400.0
396,-400.0
397,-400.0
398,-400.0
399,-400.0
400,-400.0
401,-400.0
402,-400.0
403,-400.0
404,-400.0
405,-400.0
406,-400.0
407,-400.0
408,-400.0
409,-397.45032
410,-398.59186
411,-400.0
412,-400.0
413,-400.0
414,-398.73718
415,-400.0
416,-400.0
417,-400.0
418,-400.0
419,-400.0
420,-400.0
421,-400.0
422,-400.0
423,-400.0
424,-400.0
425,-400.0
426,-400.0
427,-397.20856
428,-400.0
429,-400.0
430,-400.0
431,-400.0
432,-397.40845
433,-400.0
434,-400.0
435,-400.0
436,-400.0
437,-400.0
438,-400.0
439,-400.0
440,-400.0
441,-400.0
442,-400.0
443,-400.0
444,-400.0
445,-400.0
446,-400.0
447,-400.0
448,-400.0
449,-400.0
450,-400.0
451,-400.0
452,-400.0
453,-400.0
454,-400.0
455,-400.0
456,-400.0
457,-400.0
458,-400.0
459,-400.0
460,-400.0
461,-400.0
462,-400.0
463,-400.0
464,-400.0
465,-400.0
466,-400.0
467,-400.0
468,-400.0
469,-400.0
470,-400.0
471,-400.0
472,-400.0
473,-400.0
474,-400.0
475,-400.0
476,-400.0
477,-400.0
478,-400.0
479,-400.0
480,-400.0
481,-400.0
482,-400.0
483,-400.0
484,-400.0
485,-400.0
486,-400.0
487,-400.0
488,-400.0
489,-400.0
490,-400.0
491,-400.0
492,-400.0
493,-400.0
494,-400.0
495,-400.0
496,-400.0
497,-392.34912
498,-400.0
499,-400.0
500,-400.0
501,-400.0
502,-400.0
503,-400.0
504,-400.0
505,-400.0
506,-400.0
507,-400.0
508,-400.0
509,-400.0
510,-400.0
511,-400.0
512,-400.0
513,-400.0
514,-400.0
515,-400.0
516,-400.0
517,-400.0
518,-400.0
519,-400.0
520,-400.0
521,-400.0
522,-400.0
523,-400.0
524,-400.0
525,-400.0
526,-400.0
527,-400.0
528,-400.0
529,-400.0
530,-400.0
531,-400.0
532,-400.0
533,-400.0
534,-400.0
535,-400.0
536,-400.0
537,-400.0
538,-400.0
539,-400.0
540,-400.0
541,-400.0
542,-400.0
543,-400.0
544,-400.0
545,-400.0
546,-400.0
547,-400.0
548,-400.0
549,-400.0
550,-400.0
551,-394.9212
552,-400.0
553,-400.0
554,-400.0
555,-400.0
556,-400.0
557,-400.0
558,-400.0
559,-400.0
560,-400.0
561,-400.0
562,-400.0
563,-400.0
564,-400.0
565,-400.0
566,-400.0
567,-400.0
568,-400.0
569,-400.0
570,-400.0
571,-400.0
572,-400.0
573,-400.0
574,-400.0
575,-400.0
576,-400.0
577,-400.0
578,-400.0
579,-400.0
580,-400.0
581,-400.0
582,-400.0
583,-400.0
584,-400.0
585,-400.0
586,-400.0
587,-400.0
588,-400.0
589,-400.0
590,-400.0
591,-400.0
592,-400.0
593,-400.0
594,-400.0
595,-400.0
596,-400.0
597,-400.0
598,-400.0
599,-400.0
600,-400.0
601,-400.0
602,-400.0
603,-400.0
604,-400.0
605,-400.0
606,-400.0
607,-400.0
608,-400.0
609,-400.0
610,-400.0
611,-400.0
612,-400.0
613,-400.0
614,-400.0
615,-400.0
616,-400.0
617,-400.0
618,-400.0
619,-400.0
620,-400.0
621,-400.0
622,-397.40198
623,-400.0
624,-400.0
625,-400.0
626,-400.0
627,-400.0
628,-400.0
629,-400.0
630,-400.0
631,-400.0
632,-400.0
633,-400.0
634,-400.0
635,-400.0
636,-400.0
637,-400.0
638,-400.0
639,-400.0
640,-400.0
641,-400.0
642,-400.0
643,-400.0
644,-400.0
645,-400.0
646,-400.0
647,-400.0
648,-400.0
649,-400.0
650,-400.0
651,-400.0
652,-400.0
653,-400.0
654,-400.0
655,-400.0
656,-400.0
657,-400.0
658,-400.0
659,-400.0
660,-400.0
661,-400.0
662,-400.0
663,-394.23828
664,-400.0
665,-396.32288
666,-400.0
667,-400.0
668,-400.0
669,-400.0
670,-400.0
671,-400.0
672,-400.0
673,-400.0
674,-400.0
675,-399.30505
676,-400.0
677,-400.0
678,-400.0
679,-400.0
680,-400.0
681,-400.0
682,-396.91696
683,-400.0
684,-400.0
685,-400.0
686,-400.0
687,-400.0
688,-400.0
689,-400.0
690,-400.0
691,-400.0
692,-400.0
693,-400.0
694,-400.0
695,-400.0
696,-400.0
697,-400.0
698,-399.06097
699,-400.0
700,-400.0
701,-400.0
702,-400.0
703,-400.0
704,-400.0
705,-400.0
706,-400.0
707,-400.0
708,-400.0
709,-400.0
710,-400.0
711,-400.0
712,-400.0
713,-400.0
714,-400.0
715,-400.0
716,-400.0
717,-400.0
718,-400.0
719,-400.0
720,-400.0
721,-400.0
722,-400.0
723,-400.0
724,-400.0
725,-400.0
726,-400.0
727,-400.0
728,-400.0
729,-400.0
730,-397.42706
731,-400.0
732,-400.0
733,-400.0
734,-398.54285
735,-400.0
736,-400.0
737,-400.0
738,-400.0
739,-400.0
740,-400.0
741,-400.0
742,-400.0
743,-400.0
744,-400.0
745,-400.0
746,-400.0
747,-400.0
748,-400.0
749,-400.0
750,-400.0
751,-400.0
752,-400.0
753,-400.0
754,-400.0
755,-400.0
756,-400.0
757,-400.0
758,-400.0
759,-400.0
760,-400.0
761,-400.0
762,-400.0
763,-400.0
764,-400.0
765,-400.0
766,-400.0
767,-400.0
768,-400.0
769,-400.0
770,-400.0
771,-400.0
772,-400.0
773,-400.0
774,-400.0
775,-400.0
776,-400.0
777,-400.0
778,-400.0
779,-400.0
780,-400.0
781,-400.0
782,-400.0
783,-400.0
784,-400.0
785,-400.0
786,-400.0
787,-400.0
788,-400.0
789,-400.0
790,-400.0
791,-400.0
792,-400.0
793,-400.0
794,-400.0
795,-400.0
796,-400.0
797,-400.0
798,-400.0
799,-400.0
800,-400.0
801,-400.0
802,-400.0
803,-400.0
804,-400.0
805,-400.0
806,-400.0
807,-400.0
808,-400.0
809,-400.0
810,-400.0
811,-400.0
812,-400.0
813,-400.0
814,-400.0
815,-400.0
816,-397.58453
817,-400.0
818,-400.0
819,-400.0
820,-400.0
821,-400.0
822,-400.0
823,-400.0
824,-400.0
825,-400.0
826,-400.0
827,-400.0
828,-400.0
829,-400.0
830,-400.0
831,-400.0
832,-400.0
833,-400.0
834,-400.0
835,-400.0
836,-400.0
837,-400.0
838,-400.0
839,-400.0
840,-400.0
841,-400.0
842,-400.0
843,-400.0
844,-400.0
845,-400.0
846,-400.0
847,-400.0
848,-400.0
849,-400.0
850,-400.0
851,-400.0
852,-400.0
853,-400.0
854,-400.0
855,-400.0
856,-400.0
857,-400.0
858,-400.0
859,-393.6095
860,-400.0
861,-400.0
862,-400.0
863,-400.0
864,-400.0
865,-400.0
866,-400.0
867,-400.0
868,-400.0
869,-400.0
870,-400.0
871,-400.0
872,-400.0
873,-400.0
874,-400.0
875,-400.0
876,-400.0
877,-400.0
878,-395.86905
879,-400.0
880,-400.0
881,-400.0
882,-400.0
883,-400.0
884,-400.0
885,-400.0
886,-400.0
887,-400.0
888,-400.0
889,-400.0
890,-400.0
891,-400.0
892,-400.0
893,-400.0
894,-400.0
895,-400.0
896,-400.0
897,-400.0
898,-400.0
899,-400.0
900,-400.0
901,-400.0
902,-400.0
903,-400.0
904,-400.0
905,-400.0
906,-400.0
907,-400.0
908,-400.0
909,-400.0
910,-400.0
911,-400.0
912,-400.0
913,-400.0
914,-400.0
915,-400.0
916,-400.0
917,-400.0
918,-400.0
919,-400.0
920,-400.0
921,-400.0
922,-400.0
923,-400.0
924,-400.0
925,-400.0
926,-400.0
927,-400.0
928,-400.0
929,-400.0
930,-400.0
931,-400.0
932,-400.0
933,-400.0
934,-400.0
935,-400.0
936,-400.0
937,-400.0
938,-400.0
939,-400.0
940,-400.0
941,-400.0
942,-400.0
943,-400.0
944,-400.0
945,-400.0
946,-400.0
947,-400.0
948,-400.0
949,-400.0
950,-400.0
951,-400.0
952,-400.0
953,-400.0
954,-400.0
955,-400.0
956,-400.0
957,-400.0
958,-400.0
959,-400.0
960,-400.0
961,-400.0
962,-400.0
963,-400.0
964,-400.0
965,-400.0
966,-400.0
967,-400.0
968,-400.0
969,-400.0
970,-400.0
971,-400.0
972,-400.0
973,-400.0
974,-400.0
975,-400.0
976,-400.0
977,-400.0
978,-400.0
979,-400.0
980,-400.0
981,-400.0
982,-400.0
983,-400.0
984,-400.0
985,-400.0
986,-400.0
987,-400.0
988,-400.0
989,-400.0
990,-400.0
991,-400.0
992,-400.0
993,-400.0
994,-400.0
995,-400.0
996,-400.0
997,-400.0
998,-400.0
999,-400.0
1000,-400.0
1001,-400.0
1002,-400.0
1003,-400.0
1004,-400.0
1005,-400.0
1006,-400.0
1007,-400.0
1008,-400.0
1009,-400.0
1010,-400.0
1011,-400.0
1012,-400.0
1013,-400.0
1014,-400.0
1015,-400.0
1016,-400.0
1017,-400.0
1018,-400.0
1019,-400.0
1020,-400.0
1021,-400.0
1022,-400.0
1023,-400.0
1024,-400.0
1025,-400.0
1026,-400.0
1027,-400.0
1028,-400.0
1029,-400.0
1030,-400.0
1031,-400.0
1032,-400.0
1033,-400.0
1034,-400.0
1035,-400.0
1036,-400.0
1037,-400.0
1038,-400.0
1039,-400.0
1040,-400.0
1041,-400.0
1042,-400.0
1043,-400.0
1044,-400.0
1045,-400.0
1046,-400.0
1047,-400.0
1048,-400.0
1049,-400.0
1050,-400.0
1051,-400.0
1052,-400.0
1053,-400.0
1054,-400.0
1055,-400.0
1056,-400.0
1057,-400.0
1058,-400.0
1059,-400.0
1060,-400.0
1061,-400.0
1062,-400.0
1063,-400.0
1064,-400.0
1065,-400.0
1066,-400.0
1067,-400.0
1068,-400.0
1069,-400.0
1070,-400.0
1071,-400.0
1072,-400.0
1073,-400.0
1074,-400.0
1075,-400.0
1076,-398.43774
1077,-400.0
1078,-400.0
1079,-399.0304
1080,-400.0
1081,-400.0
1082,-400.0
1083,-400.0
1084,-400.0
1085,-400.0
1086,-400.0
1087,-400.0
1088,-400.0
1089,-400.0
1090,-400.0
1091,-400.0
1092,-400.0
1093,-400.0
1094,-400.0
1095,-400.0
1096,-400.0
1097,-400.0
1098,-400.0
1099,-400.0
1100,-400.0
1101,-400.0
1102,-400.0
1103,-400.0
1104,-400.0
1105,-400.0
1106,-400.0
1107,-400.0
1108,-400.0
1109,-400.0
1110,-400.0
1111,-400.0
1112,-400.0
1113,-400.0
1114,-400.0
1115,-400.0
1116,-400.0
1117,-400.0
1118,-400.0
1119,-400.0
1120,-400.0
1121,-400.0
1122,-400.0
1123,-400.0
1124,-400.0
1125,-400.0
1126,-400.0
1127,-400.0
1128,-400.0
1129,-400.0
1130,-400.0
1131,-400.0
1132,-400.0
1133,-400.0
1134,-400.0
1135,-400.0
1136,-400.0
1137,-400.0
1138,-400.0
1139,-400.0
1140,-396.01883
1141,-400.0
1142,-400.0
1143,-400.0
1144,-400.0
1145,-400.0
1146,-400.0
1147,-395.7705
1148,-400.0
1149,-400.0
1150,-400.0
1151,-400.0
1152,-400.0
1153,-400.0
1154,-400.0
1155,-400.0
1156,-400.0
1157,-400.0
1158,-400.0
1159,-400.0
1160,-400.0
1161,-400.0
1162,-400.0
1163,-400.0
1164,-400.0
1165,-400.0
1166,-400.0
1167,-400.0
1168,-400.0
1169,-400.0
1170,-400.0
1171,-400.0
1172,-400.0
1173,-400.0
1174,-400.0
1175,-400.0
1176,-400.0
1177,-400.0
1178,-400.0
1179,-400.0
1180,-400.0
1181,-400.0
1182,-400.0
1183,-400.0
1184,-400.0
1185,-400.0
1186,-400.0
1187,-400.0
1188,-400.0
1189,-400.0
1190,-400.0
1191,-400.0
1192,-400.0
1193,-400.0
1194,-400.0
1195,-400.0
1196,-400.0
1197,-400.0
1198,-400.0
1199,-400.0
1200,-400.0
1201,-400.0
1202,-400.0
1203,-400.0
1204,-400.0
1205,-400.0
1206,-400.0
1207,-400.0
1208,-400.0
1209,-400.0
1210,-400.0
1211,-400.0
1212,-400.0
1213,-400.0
1214,-400.0
1215,-400.0
1216,-400.0
1217,-400.0
1218,-400.0
1219,-400.0
1220,-400.0
1221,-400.0
1222,-400.0
1223,-400.0
1224,-400.0
1225,-400.0
1226,-400.0
1227,-400.0
1228,-400.0
1229,-400.0
1230,-400.0
1231,-400.0
1232,-400.0
1233,-400.0
1234,-400.0
1235,-400.0
1236,-400.0
1237,-400.0
1238,-400.0
1239,-400.0
1240,-400.0
1241,-400.0
1242,-400.0
1243,-400.0
1244,-400.0
1245,-400.0
1246,-400.0
1247,-400.0
1248,-400.0
1249,-400.0
1250,-400.0
1251,-400.0
1252,-400.0
1253,-400.0
1254,-400.0
1255,-400.0
1256,-400.0
1257,-400.0
1258,-400.0
1259,-400.0
1260,-400.0
1261,-400.0
1262,-400.0
1263,-400.0
1264,-400.0
1265,-400.0
1266,-400.0
1267,-400.0
1268,-400.0
1269,-400.0
1270,-400.0
1271,-400.0
1272,-400.0
1273,-400.0
1274,-400.0
1275,-400.0
1276,-400.0
1277,-400.0
1278,-400.0
1279,-400.0
1280,-400.0
1281,-400.0
1282,-400.0
1283,-400.0
1284,-400.0
1285,-400.0
1286,-400.0
1287,-400.0
1288,-400.0
1289,-400.0
1290,-400.0
1291,-400.0
1292,-400.0
1293,-400.0
1294,-400.0
1295,-400.0
1296,-400.0
1297,-393.27927
1298,-400.0
1299,-400.0
1300,-400.0
1301,-400.0
1302,-400.0
1303,-400.0
1304,-400.0
1305,-400.0
1306,-400.0
1307,-400.0
1308,-400.0
1309,-396.38016
1310,-400.0
1311,-400.0
1312,-400.0
1313,-400.0
1314,-400.0
1315,-400.0
1316,-400.0
1317,-400.0
1318,-400.0
1319,-400.0
1320,-400.0
1321,-400.0
1322,-400.0
1323,-400.0
1324,-400.0
1325,-400.0
1326,-400.0
1327,-400.0
1328,-400.0
1329,-400.0
1330,-400.0
1331,-400.0
1332,-400.0
1333,-398.05682
1334,-400.0
1335,-400.0
1336,-400.0
1337,-400.0
1338,-400.0
1339,-400.0
1340,-400.0
1341,-400.0
1342,-400.0
1343,-400.0
1344,-400.0
1345,-396.12198
1346,-400.0
1347,-400.0
1348,-400.0
1349,-400.0
1350,-400.0
1351,-400.0
1352,-400.0
1353,-400.0
1354,-400.0
1355,-400.0
1356,-400.0
1357,-400.0
1358,-400.0
1359,-400.0
1360,-400.0
1361,-400.0
1362,-400.0
1363,-400.0
1364,-400.0
1365,-400.0
1366,-400.0
1367,-400.0
1368,-400.0
1369,-400.0
1370,-400.0
1371,-400.0
1372,-400.0
1373,-400.0
1374,-400.0
1375,-400.0
1376,-400.0
1377,-400.0
1378,-400.0
1379,-400.0
1380,-400.0
1381,-400.0
1382,-400.0
1383,-400.0
1384,-400.0
1385,-400.0
1386,-400.0
1387,-400.0
1388,-400.0
1389,-400.0
1390,-400.0
1391,-400.0
1392,-396.1057
1393,-400.0
1394,-400.0
1395,-400.0
1396,-400.0
1397,-400.0
1398,-400.0
1399,-400.0
1400,-400.0
1401,-400.0
1402,-400.0
1403,-400.0
1404,-400.0
1405,-400.0
1406,-400.0
1407,-400.0
1408,-400.0
1409,-400.0
1410,-400.0
1411,-400.0
1412,-400.0
1413,-400.0
1414,-400.0
1415,-400.0
1416,-400.0
1417,-397.85278
1418,-400.0
1419,-400.0
1420,-400.0
1421,-400.0
1422,-400.0
1423,-400.0
1424,-400.0
1425,-400.0
1426,-400.0
1427,-400.0
1428,-400.0
1429,-400.0
1430,-400.0
1431,-400.0
1432,-400.0
1433,-400.0
1434,-400.0
1435,-400.0
1436,-400.0
1437,-400.0
1438,-400.0
1439,-400.0
1440,-400.0
1441,-400.0
1442,-400.0
1443,-400.0
1444,-400.0
1445,-400.0
1446,-400.0
1447,-400.0
1448,-400.0
1449,-400.0
1450,-400.0
1451,-400.0
1452,-400.0
1453,-400.0
1454,-400.0
1455,-400.0
1456,-400.0
1457,-400.0
1458,-400.0
1459,-400.0
1460,-400.0
1461,-400.0
1462,-400.0
1463,-400.0
1464,-400.0
1465,-400.0
1466,-400.0
1467,-400.0
1468,-400.0
1469,-400.0
1470,-400.0
1471,-400.0
1472,-400.0
1473,-400.0
1474,-400.0
1475,-400.0
1476,-400.0
1477,-400.0
1478,-400.0
1479,-400.0
1480,-400.0
1481,-400.0
1482,-400.0
1483,-400.0
1484,-400.0
1485,-400.0
1486,-400.0
1487,-400.0
1488,-400.0
1489,-400.0
1490,-400.0
1491,-400.0
1492,-400.0
1493,-400.0
1494,-400.0
1495,-400.0
1496,-400.0
1497,-400.0
1498,-397.2058
1499,-400.0
1500,-400.0
1501,-400.0
1502,-400.0
1503,-400.0
1504,-400.0
1505,-400.0
1506,-400.0
1507,-400.0
1508,-400.0
1509,-400.0
1510,-400.0
1511,-400.0
1512,-400.0
1513,-400.0
1514,-400.0
1515,-400.0
1516,-400.0
1517,-400.0
1518,-400.0
1519,-400.0
1520,-400.0
1521,-400.0
1522,-400.0
1523,-400.0
1524,-400.0
1525,-400.0
1526,-400.0
1527,-400.0
1528,-400.0
1529,-400.0
1530,-400.0
1531,-400.0
1532,-400.0
1533,-400.0
1534,-400.0
1535,-400.0
1536,-397.63382
1537,-400.0
1538,-400.0
1539,-400.0
1540,-400.0
1541,-400.0
1542,-400.0
1543,-400.0
1544,-400.0
1545,-400.0
1546,-400.0
1547,-400.0
1548,-400.0
1549,-400.0
1550,-400.0
1551,-400.0
1552,-400.0
1553,-400.0
1554,-400.0
1555,-400.0
1556,-400.0
1557,-400.0
1558,-400.0
1559,-400.0
1560,-400.0
1561,-400.0
1562,-400.0
1563,-400.0
1564,-400.0
1565,-400.0
1566,-400.0
1567,-400.0
1568,-400.0
1569,-400.0
1570,-400.0
1571,-400.0
1572,-400.0
1573,-400.0
1574,-400.0
1575,-400.0
1576,-400.0
1577,-400.0
1578,-400.0
1579,-400.0
1580,-400.0
1581,-400.0
1582,-400.0
1583,-400.0
1584,-400.0
1585,-400.0
1586,-400.0
1587,-400.0
1588,-400.0
1589,-400.0
1590,-400.0
1591,-400.0
1592,-399.70337
1593,-400.0
1594,-400.0
1595,-400.0
1596,-400.0
1597,-400.0
1598,-398.12424
1599,-400.0
1600,-400.0
1601,-400.0
1602,-400.0
1603,-400.0
1604,-400.0
1605,-400.0
1606,-400.0
1607,-400.0
1608,-398.74786
1609,-399.58966
1610,-400.0
1611,-400.0
1612,-400.0
1613,-400.0
1614,-400.0
1615,-400.0
1616,-400.0
1617,-400.0
1618,-400.0
1619,-400.0
1620,-400.0
1621,-400.0
1622,-400.0
1623,-400.0
1624,-400.0
1625,-400.0
1626,-400.0
1627,-400.0
1628,-400.0
1629,-400.0
1630,-400.0
1631,-400.0
1632,-400.0
1633,-400.0
1634,-400.0
1635,-400.0
1636,-400.0
1637,-400.0
1638,-400.0
1639,-400.0
1640,-400.0
1641,-400.0
1642,-400.0
1643,-400.0
1644,-400.0
1645,-398.11615
1646,-400.0
1647,-400.0
1648,-400.0
1649,-400.0
1650,-400.0
1651,-399.6844
1652,-400.0
1653,-400.0
1654,-400.0
1655,-400.0
1656,-400.0
1657,-400.0
1658,-400.0
1659,-400.0
1660,-400.0
1661,-400.0
1662,-400.0
1663,-400.0
1664,-400.0
1665,-400.0
1666,-400.0
1667,-400.0
1668,-400.0
1669,-400.0
1670,-400.0
1671,-400.0
1672,-400.0
1673,-400.0
1674,-400.0
1675,-400.0
1676,-400.0
1677,-400.0
1678,-400.0
1679,-400.0
1680,-400.0
1681,-400.0
1682,-400.0
1683,-400.0
1684,-400.0
1685,-400.0
1686,-400.0
1687,-400.0
1688,-400.0
1689,-400.0
1690,-400.0
1691,-400.0
1692,-400.0
1693,-400.0
1694,-400.0
1695,-400.0
1696,-400.0
1697,-400.0
1698,-400.0
1699,-400.0
1700,-400.0
1701,-400.0
1702,-400.0
1703,-400.0
1704,-400.0
1705,-400.0
1706,-400.0
1707,-400.0
1708,-400.0
1709,-400.0
1710,-400.0
1711,-400.0
1712,-400.0
1713,-400.0
1714,-400.0
1715,-400.0
1716,-400.0
1717,-400.0
1718,-400.0
1719,-397.5412
1720,-400.0
1721,-400.0
1722,-400.0
1723,-400.0
1724,-400.0
1725,-400.0
1726,-400.0
1727,-400.0
1728,-400.0
1729,-400.0
1730,-400.0
1731,-399.56976
1732,-400.0
1733,-400.0
1734,-400.0
1735,-400.0
1736,-400.0
1737,-400.0
1738,-400.0
1739,-400.0
1740,-400.0
1741,-400.0
1742,-400.0
1743,-400.0
1744,-400.0
1745,-400.0
1746,-400.0
1747,-400.0
1748,-400.0
1749,-400.0
1750,-400.0
1751,-400.0
1752,-400.0
1753,-400.0
1754,-400.0
1755,-400.0
1756,-400.0
1757,-400.0
1758,-400.0
1759,-400.0
1760,-400.0
1761,-400.0
1762,-400.0
1763,-400.0
1764,-400.0
1765,-400.0
1766,-400.0
1767,-400.0
1768,-400.0
1769,-400.0
1770,-400.0
1771,-400.0
1772,-400.0
1773,-400.0
1774,-400.0
1775,-400.0
1776,-400.0
1777,-400.0
1778,-400.0
1779,-400.0
1780,-400.0
1781,-400.0
1782,-400.0
1783,-400.0
1784,-400.0
1785,-400.0
1786,-400.0
1787,-400.0
1788,-400.0
1789,-400.0
1790,-400.0
1791,-400.0
1792,-400.0
1793,-400.0
1794,-400.0
1795,-400.0
1796,-400.0
1797,-400.0
1798,-400.0
1799,-400.0
1800,-400.0
1801,-400.0
1802,-400.0
1803,-400.0
1804,-400.0
1805,-400.0
1806,-400.0
1807,-400.0
1808,-400.0
1809,-400.0
1810,-400.0
1811,-400.0
1812,-400.0
1813,-400.0
1814,-400.0
1815,-400.0
1816,-400.0
1817,-400.0
1818,-400.0
1819,-400.0
1820,-400.0
1821,-400.0
1822,-400.0
1823,-400.0
1824,-400.0
1825,-400.0
1826,-400.0
1827,-396.82364
1828,-400.0
1829,-400.0
1830,-400.0
1831,-400.0
1832,-400.0
1833,-400.0
1834,-400.0
1835,-400.0
1836,-400.0
1837,-400.0
1838,-400.0
1839,-400.0
1840,-400.0
1841,-400.0
1842,-400.0
1843,-400.0
1844,-400.0
1845,-400.0
1846,-400.0
1847,-400.0
1848,-400.0
1849,-400.0
1850,-400.0
1851,-400.0
1852,-400.0
1853,-400.0
1854,-400.0
1855,-400.0
1856,-400.0
1857,-400.0
1858,-400.0
1859,-400.0
1860,-400.0
1861,-400.0
1862,-400.0
1863,-398.1228
1864,-400.0
1865,-400.0
1866,-400.0
1867,-400.0
1868,-400.0
1869,-400.0
1870,-400.0
1871,-400.0
1872,-400.0
1873,-400.0
1874,-400.0
1875,-400.0
1876,-400.0
1877,-400.0
1878,-400.0
1879,-400.0
1880,-400.0
1881,-400.0
1882,-400.0
1883,-400.0
1884,-400.0
1885,-400.0
1886,-400.0
1887,-400.0
1888,-400.0
1889,-400.0
1890,-400.0
1891,-400.0
1892,-400.0
1893,-400.0
1894,-400.0
1895,-400.0
1896,-400.0
1897,-400.0
1898,-400.0
1899,-400.0
1900,-400.0
1901,-400.0
1902,-400.0
1903,-400.0
1904,-400.0
1905,-400.0
1906,-399.30368
1907,-400.0
1908,-400.0
1909,-400.0
1910,-400.0
1911,-400.0
1912,-400.0
1913,-398.18323
1914,-400.0
1915,-400.0
1916,-400.0
1917,-400.0
1918,-400.0
1919,-400.0
1920,-400.0
1921,-400.0
1922,-400.0
1923,-400.0
1924,-400.0
1925,-400.0
1926,-400.0
1927,-400.0
1928,-400.0
1929,-400.0
1930,-400.0
1931,-400.0
1932,-400.0
1933,-397.63525
1934,-400.0
1935,-400.0
1936,-400.0
1937,-400.0
1938,-400.0
1939,-400.0
1940,-400.0
1941,-400.0
1942,-400.0
1943,-400.0
1944,-400.0
1945,-400.0
1946,-400.0
1947,-400.0
1948,-400.0
1949,-400.0
1950,-400.0
1951,-400.0
1952,-400.0
1953,-400.0
1954,-400.0
1955,-400.0
1956,-400.0
1957,-400.0
1958,-400.0
1959,-399.87534
1960,-400.0
1961,-400.0
1962,-400.0
1963,-400.0
1964,-400.0
1965,-400.0
1966,-400.0
1967,-400.0
1968,-395.9265
1969,-400.0
1970,-400.0
1971,-400.0
1972,-400.0
1973,-400.0
1974,-400.0
1975,-400.0
1976,-400.0
1977,-400.0
1978,-400.0
1979,-400.0
1980,-400.0
1981,-400.0
1982,-400.0
1983,-400.0
1984,-400.0
1985,-400.0
1986,-400.0
1987,-400.0
1988,-400.0
1989,-400.0
1990,-400.0
1991,-400.0
1992,-400.0
1993,-400.0
1994,-400.0
1995,-400.0
1996,-400.0
1997,-400.0
1998,-400.0
1999,-400.0
2000,-400.0
2001,-400.0
2002,-400.0
2003,-400.0
2004,-400.0
2005,-400.0
2006,-400.0
2007,-400.0
2008,-400.0
2009,-400.0
2010,-400.0
2011,-400.0
2012,-400.0
2013,-400.0
2014,-400.0
2015,-400.0
2016,-400.0
2017,-400.0
2018,-400.0
2019,-400.0
2020,-397.64404
2021,-400.0
2022,-400.0
2023,-400.0
2024,-399.9981
2025,-400.0
2026,-400.0
2027,-400.0
2028,-400.0
2029,-400.0
2030,-400.0
2031,-400.0
2032,-400.0
2033,-397.00516
2034,-400.0
2035,-400.0
2036,-400.0
2037,-400.0
2038,-400.0
2039,-400.0
2040,-400.0
2041,-400.0
2042,-400.0
2043,-400.0
2044,-400.0
2045,-400.0
2046,-400.0
2047,-400.0
2048,-400.0
2049,-400.0
2050,-400.0
2051,-400.0
2052,-400.0
2053,-400.0
2054,-400.0
2055,-400.0
2056,-400.0
2057,-400.0
2058,-400.0
2059,-400.0
2060,-400.0
2061,-400.0
2062,-400.0
2063,-400.0
2064,-400.0
2065,-400.0
2066,-400.0
2067,-400.0
2068,-400.0
2069,-400.0
2070,-400.0
2071,-400.0
2072,-400.0
2073,-400.0
2074,-400.0
2075,-400.0
2076,-400.0
2077,-400.0
2078,-400.0
2079,-400.0
2080,-400.0
2081,-400.0
2082,-400.0
2083,-400.0
2084,-400.0
2085,-400.0
2086,-397.47025
2087,-400.0
2088,-400.0
2089,-400.0
2090,-400.0
2091,-400.0
2092,-400.0
2093,-400.0
2094,-400.0
2095,-400.0
2096,-400.0
2097,-400.0
2098,-400.0
2099,-398.89
2100,-399.55154
2101,-400.0
2102,-400.0
2103,-400.0
2104,-400.0
2105,-400.0
2106,-400.0
2107,-400.0
2108,-400.0
2109,-400.0
2110,-400.0
2111,-400.0
2112,-400.0
2113,-400.0
2114,-400.0
2115,-400.0
2116,-400.0
2117,-400.0
2118,-400.0
2119,-400.0
2120,-400.0
2121,-400.0
2122,-400.0
2123,-400.0
2124,-400.0
2125,-400.0
2126,-400.0
2127,-400.0
2128,-400.0
2129,-400.0
2130,-400.0
2131,-400.0
2132,-400.0
2133,-400.0
2134,-400.0
2135,-400.0
2136,-400.0
2137,-400.0
2138,-400.0
2139,-400.0
2140,-400.0
2141,-400.0
2142,-400.0
2143,-400.0
2144,-400.0
2145,-400.0
2146,-400.0
2147,-399.93378
2148,-400.0
2149,-400.0
2150,-400.0
2151,-400.0
2152,-400.0
2153,-400.0
2154,-399.83688
2155,-400.0
2156,-400.0
2157,-400.0
2158,-400.0
2159,-400.0
2160,-400.0
2161,-400.0
2162,-400.0
2163,-399.18524
2164,-400.0
2165,-400.0
2166,-400.0
2167,-400.0
2168,-400.0
2169,-400.0
2170,-400.0
2171,-400.0
2172,-400.0
2173,-400.0
2174,-400.0
2175,-400.0
2176,-400.0
2177,-400.0
2178,-400.0
2179,-400.0
2180,-400.0
2181,-400.0
2182,-400.0
2183,-400.0
2184,-400.0
2185,-400.0
2186,-400.0
2187,-400.0
2188,-400.0
2189,-400.0
2190,-400.0
2191,-400.0
2192,-400.0
2193,-400.0
2194,-400.0
2195,-400.0
2196,-400.0
2197,-400.0
2198,-400.0
2199,-400.0
2200,-400.0
2201,-400.0
2202,-400.0
2203,-400.0
2204,-400.0
2205,-400.0
2206,-400.0
2207,-400.0
2208,-400.0
2209,-400.0
2210,-400.0
2211,-400.0
2212,-400.0
2213,-400.0
2214,-400.0
2215,-400.0
2216,-400.0
2217,-400.0
2218,-400.0
2219,-397.4793
2220,-400.0
2221,-400.0
2222,-400.0
2223,-400.0
2224,-400.0
2225,-400.0
2226,-400.0
2227,-400.0
2228,-400.0
2229,-396.10114
2230,-400.0
2231,-400.0
2232,-400.0
2233,-400.0
2234,-400.0
2235,-400.0
2236,-400.0
2237,-400.0
2238,-400.0
2239,-398.02643
2240,-400.0
2241,-400.0
2242,-400.0
2243,-400.0
2244,-400.0
2245,-400.0
2246,-400.0
2247,-400.0
2248,-400.0
2249,-400.0
2250,-400.0
2251,-400.0
2252,-400.0
2253,-400.0
2254,-400.0
2255,-400.0
2256,-400.0
2257,-400.0
2258,-400.0
2259,-400.0
2260,-400.0
2261,-400.0
2262,-400.0
2263,-400.0
2264,-400.0
2265,-400.0
2266,-400.0
2267,-400.0
2268,-400.0
2269,-400.0
2270,-400.0
2271,-400.0
2272,-400.0
2273,-400.0
2274,-400.0
2275,-400.0
2276,-400.0
2277,-400.0
2278,-400.0
2279,-400.0
2280,-400.0
2281,-400.0
2282,-400.0
2283,-400.0
2284,-400.0
2285,-400.0
2286,-400.0
2287,-400.0
2288,-400.0
2289,-400.0
2290,-400.0
2291,-400.0
2292,-400.0
2293,-400.0
2294,-400.0
2295,-400.0
2296,-400.0
2297,-400.0
2298,-395.56763
2299,-400.0
2300,-400.0
2301,-400.0
2302,-400.0
2303,-400.0
2304,-400.0
2305,-400.0
2306,-400.0
2307,-400.0
2308,-400.0
2309,-400.0
2310,-400.0
2311,-400.0
2312,-400.0
2313,-400.0
2314,-400.0
2315,-400.0
2316,-400.0
2317,-400.0
2318,-400.0
2319,-400.0
2320,-400.0
2321,-400.0
2322,-397.72476
2323,-400.0
2324,-400.0
2325,-400.0
2326,-400.0
2327,-400.0
2328,-400.0
2329,-400.0
2330,-400.0
2331,-400.0
2332,-400.0
2333,-400.0
2334,-400.0
2335,-400.0
2336,-400.0
2337,-400.0
2338,-400.0
2339,-400.0
2340,-400.0
2341,-400.0
2342,-400.0
2343,-400.0
2344,-400.0
2345,-400.0
2346,-400.0
2347,-400.0
2348,-400.0
2349,-400.0
