3,20.35833
4,23.497303
5,22.307026
6,21.584944
7,21.8713
8,21.476593
9,21.710865
10,21.621101
11,21.901138
12,21.509628
13,21.322739
14,20.192062
15,20.258242
16,20.149529
17,19.953758
18,19.626247
19,19.346064
20,20.04885
21,19.847515
22,20.124296
23,19.820787
24,21.401306
25,20.202753
26,20.282852
27,19.909374
28,20.383888
29,20.381977
30,19.829529
31,19.904444
32,20.045387
33,20.433407
34,20.84272
35,19.890167
36,19.948776
37,20.54438
38,20.708363
39,19.241734
40,20.059551
41,19.66545
42,20.456432
43,19.994919
44,20.033537
45,20.413664
46,19.946526
47,20.232347
48,20.34872
49,21.795603
50,21.297016
51,21.802534
52,22.240376
53,21.83522
54,22.067575
55,22.080555
56,22.254509
57,21.739304
58,21.846783
59,22.164988
60,22.056738
61,22.205048
62,22.38842
63,21.540434
64,20.73705
65,20.890484
66,20.694832
67,20.405651
68,20.66151
69,19.583353
70,20.797789
71,20.325657
72,19.802979
73,19.952936
74,20.710642
75,20.071331
76,22.54624
77,24.259186
78,23.603941
79,24.53782
80,24.093483
81,23.998474
82,23.711983
83,24.31542
84,23.80074
85,24.070839
86,23.83966
87,24.105652
88,23.862034
89,24.522446
90,23.974335
91,23.627728
92,24.029242
93,24.245033
94,24.139893
95,23.975239
96,23.802431
97,24.049473
98,24.121134
99,24.049067
100,24.049253
101,23.714283
102,23.803558
103,23.676176
104,23.680954
105,24.216106
106,23.992273
107,24.084772
108,24.041124
109,23.580986
110,23.976868
111,23.674599
112,23.90585
113,24.09573
114,23.897547
115,23.63149
116,24.008484
117,23.484488
118,24.185816
119,24.026741
120,23.579811
121,23.715487
122,24.336319
123,23.960817
124,24.014261
125,23.686068
126,23.354479
127,24.585407
128,23.71968
129,24.466093
130,23.715221
131,23.708672
132,24.322998
133,24.39237
134,23.874763
135,23.680073
136,23.562687
137,24.395777
138,23.8796
139,24.122536
140,23.519684
141,24.660229
142,23.80416
143,23.659618
144,24.66307
145,23.82034
146,24.15034
147,23.88482
148,23.953503
149,24.484634
150,24.121347
151,23.947771
152,24.03217
153,24.342196
154,23.934074
155,23.75145
156,23.889885
157,23.932312
158,24.595201
159,23.770916
160,23.994446
161,24.099855
162,24.469091
163,24.177034
164,23.943022
165,24.040323
166,23.965431
167,24.52222
168,23.710943
169,23.538843
170,24.32141
171,23.814114
172,23.61231
173,23.391655
174,24.578682
175,23.616962
176,24.457153
177,23.825306
178,23.506237
179,23.995785
180,24.114502
181,23.899048
182,24.08316
183,24.347584
184,23.919708
185,24.078066
186,24.123459
187,24.122648
188,24.299911
189,24.40137
190,23.617783
191,23.993483
192,23.790764
193,24.424816
194,23.858822
195,23.827185
196,23.261385
197,24.251686
198,23.924809
199,24.218105
200,23.898655
201,23.685438
202,23.856903
203,24.351183
204,23.965193
205,24.17528
206,23.990393
207,24.106674
208,23.808025
209,23.531332
210,24.093332
211,24.304516
212,23.48784
213,23.903301
214,23.72589
215,24.332087
216,23.803871
217,24.059784
218,23.513824
219,24.038412
220,23.947742
221,23.99739
222,23.933556
223,24.269222
224,24.51481
225,23.631369
226,23.976826
227,24.148174
228,23.89981
229,23.258175
230,23.796318
231,23.848469
232,23.889053
233,24.107985
234,23.652733
235,23.990196
236,24.602053
237,24.339272
238,24.329323
239,24.440844
240,23.653538
241,23.57796
242,23.90393
243,23.908016
244,24.202427
245,24.218494
246,23.881008
247,23.9029
248,24.061165
249,23.55344
250,23.899464
251,24.031525
252,24.442026
253,24.015423
254,23.970423
255,24.269325
256,24.489046
257,24.244022
258,23.766937
259,23.924038
260,24.553396
261,24.200098
262,24.122364
263,24.01773
264,24.354008
265,24.13409
266,24.216133
267,23.850845
268,23.952389
269,23.824547
270,24.573524
271,23.969727
272,23.665314
273,24.110054
274,24.068888
275,23.908884
276,23.935575
277,23.703672
278,23.849821
279,23.528568
280,23.996737
281,24.276876
282,23.446665
283,24.130392
284,23.770407
285,24.38309
286,24.514336
287,23.860432
288,24.113693
289,24.026756
290,24.35395
291,24.495876
292,23.55295
293,24.104246
294,23.726223
295,23.414621
296,23.83345
297,24.11211
298,24.624678
299,23.455332
300,24.115576
301,24.320553
302,23.78709
303,23.993176
304,23.970476
305,23.886688
306,23.925648
307,23.660973
308,24.34727
309,23.727049
310,23.684723
311,24.087387
312,23.845284
313,23.87643
314,23.91127
315,23.587955
316,23.927734
317,24.675215
318,24.008099
319,23.959414
320,24.030521
321,23.52539
322,23.651001
323,23.935335
324,24.087093
325,24.378407
