3,20.0
4,20.0
5,21.0
6,19.0
7,21.0
8,20.0
9,20.0
10,20.0
11,19.0
12,19.0
13,20.0
14,19.0
15,19.0
16,19.0
17,21.0
18,20.0
19,19.0
20,21.0
21,19.0
22,20.0
23,20.0
24,20.0
25,21.0
26,17.5
27,16.5
28,16.5
29,16.5
30,16.5
31,16.5
32,17.5
33,16.5
34,15.5
35,17.5
36,15.5
37,15.5
38,15.5
39,16.5
40,16.5
41,17.5
42,17.5
43,17.0
44,11.5
45,11.5
46,10.5
47,10.5
48,10.5
49,11.5
50,9.5
51,10.5
52,10.5
53,10.5
54,10.5
55,10.5
56,11.5
57,11.5
58,9.5
59,10.5
60,11.5
61,10.5
62,10.5
63,11.5
64,11.5
65,10.5
66,11.5
67,10.5
68,11.5
69,10.5
70,10.5
71,10.5
72,9.5
73,10.5
74,10.5
75,10.5
76,11.5
77,9.5
78,10.5
79,10.5
80,11.5
81,11.5
82,10.5
83,11.5
84,10.5
85,11.5
86,10.5
87,11.5
88,10.5
89,10.5
90,11.5
91,10.5
92,10.5
93,9.5
94,9.5
95,10.5
96,9.5
97,10.5
98,10.5
99,12.0
100,15.0
101,16.5
102,15.5
103,15.5
104,16.5
105,16.5
106,15.5
107,15.5
108,16.5
109,16.5
110,16.5
111,15.5
112,17.5
113,17.5
114,16.5
115,16.5
116,15.5
117,16.5
118,17.5
119,16.5
120,16.5
121,15.5
122,16.5
123,16.5
124,17.5
125,17.5
126,16.5
127,17.5
128,15.5
129,16.5
130,16.5
131,17.5
132,15.5
133,16.5
134,15.5
135,16.5
136,16.5
137,15.5
138,16.5
139,16.5
140,16.5
141,16.5
142,15.5
143,16.5
144,17.5
145,15.5
146,16.5
147,16.5
148,15.5
149,16.5
150,15.5
151,17.5
152,15.5
153,16.5
154,16.5
155,15.5
156,15.5
157,15.5
158,16.5
159,17.5
160,16.5
161,16.5
162,16.5
163,16.5
164,16.5
165,15.5
166,17.5
167,17.5
168,15.5
169,17.5
170,16.5
171,16.5
172,17.5
173,17.5
174,16.5
175,15.5
176,17.5
177,16.5
178,16.5
179,15.5
180,16.5
181,16.5
182,16.5
183,15.5
184,16.5
186,15.5
186,16.5
187,16.5
188,16.5
189,15.5
190,17.5
191,16.5
192,15.5
193,15.5
194,16.5
195,17.5
196,16.5
197,16.5
198,16.5
199,16.5
200,15.5
201,16.5
202,16.5
203,16.5
204,15.5
205,16.5
206,15.5
207,17.5
208,16.5
209,15.5
210,15.5
211,16.5
212,16.5
213,16.5
214,17.5
215,16.5
216,15.5
217,16.5
218,17.5
219,16.5
220,17.5
221,17.5
222,16.5
223,15.5
224,15.5
225,16.5
226,17.5
227,16.5
228,17.5
229,15.5
230,16.5
231,15.5
232,16.5
233,17.5
234,16.5
235,15.5
236,15.5
237,17.5
238,16.5
239,16.5
240,16.5
241,16.5
242,16.5
243,16.5
244,16.5
245,17.5
246,15.5
247,17.5
248,16.5
249,15.5
250,17.5
251,15.5
252,15.5
253,17.5
254,17.5
255,17.5
256,15.5
257,16.5
258,16.5
259,16.5
260,17.5
261,17.5
262,16.5
263,15.5
264,16.5
265,16.5
266,17.5
267,16.5
268,15.5
269,16.5
270,15.5
271,16.5
272,15.5
273,16.5
274,17.5
275,16.5
276,16.5
277,17.5
278,16.5
279,16.5
280,16.5
281,17.5
282,16.5
283,15.5
284,16.5
285,16.5
286,17.5
287,16.5
288,16.5
289,16.5
290,16.5
291,16.5
292,15.5
293,16.5
294,17.5
295,16.5
296,16.5
297,16.5
298,16.5
299,16.5
300,16.5
301,16.5
302,15.5
303,16.5
304,17.5
305,16.5
306,17.5
307,16.5
308,16.5
309,15.5
310,16.5
311,15.5
312,16.5
313,16.5
314,17.5
315,15.5
316,16.5
317,16.5
318,15.5
319,16.5
320,16.5
321,17.5
322,16.5
323,16.5
324,15.5
325,16.5
326,15.5
327,17.5
328,16.5
329,17.5
330,16.5
331,16.5
332,17.5
333,17.5
334,16.5
335,16.5
336,16.5
337,16.5
338,15.5
339,16.5
340,15.5
341,15.5
342,17.5
343,17.5
344,17.5
345,17.5
346,16.5
347,16.5
348,15.5
349,15.5
350,16.5
351,15.5
352,15.5
353,15.5
354,17.5
355,15.5
356,17.5
357,16.5
358,16.5
359,15.5
360,15.5
361,16.5
362,16.5
363,15.5
364,15.5
365,16.5
366,16.5
367,16.5
368,15.5
369,16.5
370,16.5
371,17.5
372,16.5
373,16.5
374,16.5
375,15.5
376,17.5
377,15.5
378,16.5
379,16.5
380,16.5
381,16.5
382,15.5
383,15.5
384,16.5
385,16.5
386,16.5
387,17.5
388,17.5
389,16.5
390,16.5
391,16.5
392,16.5
393,17.5
394,17.5
395,16.5
396,15.5
397,17.5
398,15.5
399,16.5
400,16.5
401,17.5
402,16.5
403,16.5
404,16.5
405,15.5
406,16.5
407,16.5
408,16.5
409,16.5
410,16.5
411,16.5
412,16.5
413,17.5
414,17.5
415,17.5
416,16.5
417,17.5
418,16.5
419,15.5
420,17.5
421,15.5
422,16.5
423,15.5
424,16.5
425,15.5
426,15.5
427,16.5
428,17.5
429,17.5
430,16.5
431,16.5
432,15.5
433,17.5
434,16.5
435,17.5
436,16.5
437,15.5
438,15.5
439,17.5
440,16.5
441,16.5
442,16.5
443,16.5
444,17.5
445,16.5
446,16.5
447,16.5
448,15.5
449,17.5
450,15.5
451,16.5
452,16.5
453,16.5
454,15.5
455,17.5
456,16.5
457,16.5
458,16.5
459,16.5
460,17.5
461,16.5
462,15.5
463,16.5
464,17.5
465,16.5
466,17.5
467,15.5
468,17.5
469,15.5
470,17.5
471,16.5
472,15.5
473,16.5
474,15.5
475,16.5
476,16.5
477,16.5
478,16.5
479,15.5
480,15.5
481,17.5
482,16.5
483,17.5
484,17.5
485,16.5
486,15.5
487,15.5
488,15.5
489,15.5
490,16.5
491,16.5
492,15.5
493,16.5
494,16.5
495,15.5
496,17.5
497,16.5
498,16.5
499,17.5
500,16.5
501,17.5
502,16.5
503,17.5
504,15.5
505,15.5
506,15.5
507,16.5
508,16.5
509,17.5
510,17.5
511,17.5
512,17.5
513,16.5
514,17.5
515,16.5
516,17.5
517,16.5
518,16.5
519,16.5
520,15.5
521,15.5
522,17.5
523,16.5
524,16.5
525,16.5
526,17.5
527,16.5
528,16.5
529,15.5
530,16.5
531,17.5
532,17.5
533,15.5
534,15.5
535,16.5
536,17.5
537,15.5
538,17.5
539,16.5
540,16.5
541,16.5
542,17.5
543,16.5
544,15.5
545,16.5
546,15.5
547,15.5
548,16.5
549,17.5
550,17.5
551,15.5
552,17.5
553,16.5
554,15.5
555,17.5
556,15.5
557,17.5
558,16.5
559,16.5
560,16.5
561,16.5
562,17.5
563,17.5
564,16.5
565,16.5
566,16.5
567,17.5
568,17.5
569,16.5
570,16.5
571,17.5
572,15.5
573,16.5
574,15.5
575,17.5
576,17.5
577,17.5
578,17.5
579,16.5
580,17.5
581,16.5
582,15.5
583,16.5
584,16.5
585,17.5
586,17.5
587,15.5
588,16.5
589,16.5
590,17.5
591,17.5
592,16.5
593,15.5
594,17.5
595,17.5
596,17.5
597,16.5
598,15.5
599,16.5
600,15.5
601,17.5
602,16.5
603,16.5
604,16.5
605,16.5
606,15.5
607,15.5
608,15.5
609,17.5
610,15.5
611,15.5
612,16.5
613,16.5
614,16.5
615,16.5
616,16.5
617,17.5
618,17.5
619,15.5
620,16.5
621,16.5
622,17.5
623,16.5
624,16.5
625,16.5
626,17.5
627,15.5
628,17.5
629,16.5
630,16.5
631,16.5
632,15.5
633,15.5
634,15.5
635,16.5
636,15.5
637,17.5
638,15.5
639,16.5
640,16.5
641,15.5
642,16.5
643,16.5
644,16.5
645,15.5
646,15.5
647,16.5
648,16.5
649,17.5
650,17.5
651,17.5
652,16.5
653,17.5
654,15.5
655,17.5
656,16.5
657,15.5
658,16.5
659,16.5
660,16.5
661,15.5
662,17.5
663,17.5
664,16.5
665,16.5
666,17.5
667,16.5
668,15.5
669,17.5
670,17.5
671,17.5
672,16.5
673,16.5
674,15.5
675,17.5
676,16.5
677,16.5
678,16.5
679,16.5
680,16.5
681,16.5
682,16.5
683,17.5
684,16.5
685,16.5
686,16.5
687,15.5
688,15.5
689,16.5
690,16.5
691,16.5
692,17.5
693,16.5
694,15.5
695,15.5
696,16.5
697,17.5
698,16.5
699,16.5
700,15.5
701,16.5
702,15.5
703,16.5
704,16.5
705,15.5
706,15.5
707,16.5
708,17.5
709,17.5
710,16.5
711,17.5
712,15.5
713,17.5
714,16.5
715,15.5
716,16.5
717,17.5
718,17.5
719,17.5
720,16.5
721,17.5
722,16.5
723,15.5
724,15.5
725,17.5
726,16.5
727,16.5
728,16.5
729,16.5
730,16.5
731,17.5
732,16.5
733,17.5
734,17.5
735,17.5
736,17.5
737,15.5
738,16.5
739,16.5
740,15.5
741,16.5
742,17.5
743,17.5
744,16.5
745,16.5
746,16.5
747,15.5
748,17.5
749,17.5
750,16.5
751,16.5
752,15.5
753,16.5
754,15.5
755,17.5
756,16.5
757,16.5
758,15.5
759,15.5
760,16.5
761,16.5
762,16.5
763,17.5
764,17.5
765,16.5
766,16.5
767,16.5
768,15.5
769,17.5
770,17.5
771,16.5
772,17.5
773,17.5
774,15.5
775,15.5
776,16.5
777,16.5
778,16.5
779,16.5
780,16.5
781,16.5
782,15.5
783,17.5
784,17.5
785,16.5
786,17.5
787,15.5
788,17.5
789,17.5
790,16.5
791,15.5
792,16.5
793,16.5
794,16.5
795,16.5
796,16.5
797,17.5
798,16.5
799,16.5
800,17.5
801,15.5
802,16.5
803,16.5
804,16.5
805,16.5
806,16.5
807,16.5
808,15.5
809,16.5
810,16.5
811,16.5
812,17.5
813,16.5
814,16.5
815,16.5
816,17.5
817,17.5
818,16.5
819,17.5
820,15.5
821,17.5
822,16.5
823,16.5
824,15.5
825,16.5
826,15.5
827,16.5
828,15.5
829,17.5
830,16.5
831,15.5
832,15.5
833,15.5
834,17.5
835,16.5
836,16.5
837,17.5
838,15.5
839,16.5
840,17.5
841,17.5
842,15.5
843,15.5
844,16.5
845,15.5
846,17.5
847,17.5
848,17.5
849,15.5
850,17.5
851,17.5
852,15.5
853,16.5
854,15.5
855,16.5
856,15.5
857,16.5
858,16.5
859,15.5
860,15.5
861,17.5
862,15.5
863,15.5
864,16.5
865,16.5
866,15.5
867,15.5
868,16.5
869,16.5
870,16.5
871,16.5
872,15.5
873,17.5
874,15.5
875,15.5
876,16.5
877,16.5
878,16.5
879,16.5
880,15.5
881,15.5
882,16.5
883,15.5
884,16.5
885,17.5
886,16.5
887,17.5
888,17.5
889,16.5
890,15.5
891,16.5
892,16.5
893,17.5
894,16.5
895,16.5
896,15.5
897,16.5
898,16.5
899,16.5
900,16.5
901,16.5
902,16.5
903,15.5
904,16.5
905,16.5
906,15.5
907,16.5
908,16.5
909,16.5
910,16.5
911,15.5
912,16.5
913,17.5
914,16.5
915,15.5
916,17.5
917,15.5
918,16.5
919,16.5
920,16.5
921,16.5
922,16.5
923,16.5
924,17.5
925,15.5
926,16.5
927,15.5
928,15.5
929,16.5
930,15.5
931,17.5
932,15.5
933,16.5
934,15.5
935,17.5
936,15.5
937,16.5
938,17.5
939,16.5
940,16.5
941,17.5
942,16.5
943,16.5
944,15.5
945,16.5
946,15.5
947,16.5
948,17.5
949,15.5
950,16.5
951,17.5
952,16.5
953,16.5
954,15.5
955,16.5
956,17.5
957,16.5
958,17.5
959,16.5
960,17.5
961,16.5
962,17.5
963,16.5
964,16.5
965,16.5
966,17.5
967,16.5
968,16.5
969,17.5
970,16.5
971,15.5
972,16.5
973,16.5
974,15.5
975,16.5
976,16.5
977,17.5
978,16.5
979,17.5
980,17.5
981,16.5
982,17.5
983,16.5
984,16.5
985,16.5
986,15.5
987,15.5
988,17.5
989,16.5
990,16.5
991,16.5
992,17.5
993,16.5
994,16.5
995,15.5
996,15.5
997,15.5
998,15.5
999,15.5
1000,16.5
1001,16.5
1002,15.5
1003,16.5
1004,15.5
1005,17.5
1006,17.5
1007,16.5
1008,17.5
1009,15.5
1010,16.5
1011,16.5
1012,16.5
1013,16.5
1014,15.5
1015,16.5
1016,16.5
1017,16.5
1018,16.5
1019,15.5
1020,16.5
1021,17.5
1022,15.5
1023,15.5
1024,16.5
1025,17.5
1026,16.5
1027,15.5
1028,15.5
1029,15.5
1030,15.5
1031,16.5
1032,15.5
1033,15.5
1034,17.5
1035,16.5
1036,16.5
1037,17.5
1038,17.5
1039,16.5
1040,16.5
1041,17.5
1042,16.5
1043,15.5
1044,15.5
1045,16.5
1046,15.5
1047,16.5
1048,16.5
1049,17.5
1050,17.5
1051,16.5
1052,16.5
1053,16.5
1054,16.5
1055,16.5
1056,16.5
1057,17.5
1058,15.5
1059,15.5
1060,17.5
1061,17.5
1062,16.5
1063,16.5
1064,16.5
1065,16.5
1066,16.5
1067,17.5
1068,15.5
1069,17.5
1070,16.5
1071,16.5
1072,17.5
1073,16.5
1074,16.5
1075,16.5
1076,16.5
1077,16.5
1078,16.5
1079,17.5
1080,17.5
1081,15.5
1082,16.5
1083,16.5
1084,16.5
1085,15.5
1086,16.5
1087,16.5
1088,16.5
1089,16.5
1090,15.5
1091,16.5
1092,16.5
1093,17.5
1094,16.5
1095,16.5
1096,16.5
1097,16.5
1098,17.5
1099,16.5
1100,16.5
1101,16.5
1102,17.5
1103,16.5
1104,15.5
1105,17.5
1106,17.5
1107,16.5
1108,17.5
1109,15.5
1110,16.5
1111,15.5
1112,16.5
1113,16.5
1114,16.5
1115,15.5
1116,16.5
1117,15.5
1118,16.5
1119,16.5
1120,15.5
1121,16.5
1122,16.5
1123,17.5
1124,16.5
1125,16.5
1126,16.5
1127,17.5
1128,17.5
1129,16.5
1130,17.5
1131,17.5
1132,15.5
1133,16.5
1134,17.5
1135,17.5
1136,16.5
1137,17.5
1138,16.5
1139,17.5
1140,15.5
1141,15.5
1142,17.5
1143,17.5
1144,15.5
1145,17.5
1146,16.5
1147,16.5
1148,16.5
1149,15.5
1150,16.5
1151,16.5
1152,16.5
1153,16.5
1154,16.5
1155,15.5
1156,15.5
1157,17.5
1158,15.5
1159,15.5
1160,17.5
1161,16.5
1162,15.5
1163,16.5
1164,15.5
1165,15.5
1166,16.5
1167,17.5
1168,15.5
1169,16.5
1170,16.5
1171,16.5
1172,16.5
1173,15.5
1174,16.5
1175,15.5
1176,16.5
1177,16.5
1178,17.5
1179,16.5
1180,17.5
1181,17.5
1182,16.5
1183,17.5
1184,15.5
1185,15.5
1186,15.5
1187,16.5
1188,16.5
1189,17.5
1190,15.5
1191,17.5
1192,17.5
1193,16.5
1194,17.5
1195,16.5
1196,15.5
1197,16.5
1198,17.5
1199,16.5
1200,16.5
1201,16.5
1202,15.5
1203,16.5
1204,15.5
1205,17.5
1206,16.5
1207,16.5
1208,15.5
1209,15.5
1210,16.5
1211,17.5
1212,16.5
1213,16.5
1214,16.5
1215,16.5
1216,16.5
1217,16.5
1218,15.5
1219,15.5
1220,16.5
1221,17.5
1222,17.5
1223,15.5
1224,15.5
1225,15.5
1226,15.5
1227,17.5
1228,15.5
1229,17.5
1230,17.5
1231,16.5
1232,16.5
1233,17.5
1234,15.5
1235,16.5
1236,15.5
1237,16.5
1238,17.5
1239,15.5
1240,17.5
1241,16.5
1242,16.5
1243,16.5
1244,15.5
1245,15.5
1246,16.5
1247,16.5
1248,16.5
1249,16.5
1250,16.5
1251,16.5
1252,15.5
1253,16.5
1254,16.5
1255,16.5
1256,16.5
1257,16.5
1258,16.5
1259,16.5
1260,16.5
1261,15.5
1262,15.5
1263,15.5
1264,15.5
1265,17.5
1266,17.5
1267,15.5
1268,16.5
1269,15.5
1270,16.5
1271,17.5
1272,16.5
1273,15.5
1274,17.5
1275,15.5
1276,16.5
1277,16.5
1278,16.5
1279,16.5
1280,15.5
1281,17.5
1282,17.5
1283,17.5
1284,15.5
1285,15.5
1286,15.5
1287,17.5
1288,17.5
1289,17.5
1290,17.5
1291,16.5
1292,17.5
1293,15.5
1294,16.5
1295,16.5
1296,17.5
1297,16.5
1298,16.5
1299,15.5
1300,16.5
1301,15.5
1302,15.5
1303,15.5
1304,16.5
1305,16.5
1306,16.5
1307,16.5
1308,15.5
1309,17.5
1310,16.5
1311,17.5
1312,17.5
1313,16.5
1314,16.5
1315,16.5
1316,15.5
1317,17.5
1318,16.5
1319,16.5
1320,16.5
1321,15.5
1322,16.5
1323,16.5
1324,17.5
1325,16.5
1326,16.5
1327,16.5
1328,17.5
1329,17.5
1330,16.5
1331,16.5
1332,16.5
1333,16.5
1334,15.5
1335,16.5
1336,15.5
1337,16.5
1338,15.5
1339,17.5
1340,17.5
1341,16.5
1342,16.5
1343,16.5
1344,17.5
1345,15.5
1346,16.5
1347,17.5
1348,16.5
1349,15.5
1350,16.5
1351,15.5
1352,17.5
1353,16.5
1354,15.5
1355,16.5
1356,16.5
1357,16.5
1358,17.5
1359,16.5
1360,17.5
1361,16.5
1362,15.5
1363,16.5
1364,16.5
1365,16.5
1366,16.5
1367,17.5
1368,16.5
1369,16.5
1370,17.5
1371,16.5
1372,17.5
1373,16.5
1374,17.5
1375,16.5
1376,15.5
1377,16.5
1378,15.5
1379,16.5
1380,16.5
1381,16.5
1382,16.5
1383,15.5
1384,17.5
1385,16.5
1386,17.5
1387,15.5
1388,16.5
1389,16.5
1390,16.5
1391,15.5
1392,15.5
1393,17.5
1394,15.5
1395,17.5
1396,15.5
1397,16.5
1398,15.5
1399,15.5
1400,16.5
1401,16.5
1402,16.5
1403,16.5
1404,16.5
1405,16.5
1406,16.5
1407,15.5
1408,16.5
1409,16.5
1410,16.5
1411,17.5
1412,16.5
1413,16.5
1414,16.5
1415,17.5
1416,15.5
1417,17.5
1418,17.5
1419,16.5
1420,15.5
1421,17.5
1422,17.5
1423,15.5
1424,16.5
1425,17.5
1426,16.5
1427,16.5
1428,17.5
1429,16.5
1430,16.5
1431,17.5
1432,16.5
1433,16.5
1434,15.5
1435,15.5
1436,16.5
1437,16.5
1438,16.5
1439,17.5
1440,16.5
1441,17.5
1442,17.5
1443,15.5
1444,15.5
1445,15.5
1446,15.5
1447,16.5
1448,17.5
1449,16.5
1450,15.5
1451,16.5
1452,16.5
1453,15.5
1454,15.5
1455,15.5
1456,15.5
1457,17.5
1458,16.5
1459,17.5
1460,15.5
1461,16.5
1462,16.5
1463,16.5
1464,16.5
1465,15.5
1466,15.5
1467,16.5
1468,16.5
1469,15.5
1470,16.5
1471,15.5
1472,16.5
1473,16.5
1474,16.5
1475,16.5
1476,16.5
1477,16.5
1478,15.5
1479,16.5
1480,16.5
1481,17.5
1482,15.5
1483,15.5
1484,17.5
1485,16.5
1486,17.5
1487,16.5
1488,16.5
1489,15.5
1490,16.5
1491,16.5
1492,15.5
1493,17.5
1494,17.5
1495,16.5
1496,15.5
1497,17.5
1498,16.5
1499,15.5
1500,15.5
1501,16.5
1502,16.5
1503,16.5
1504,16.5
1505,15.5
1506,17.5
1507,16.5
1508,17.5
1509,16.5
1510,15.5
1511,16.5
1512,16.5
1513,15.5
1514,17.5
1515,16.5
1516,16.5
1517,15.5
1518,16.5
1519,15.5
1520,15.5
1521,15.5
1522,16.5
1523,16.5
1524,16.5
1525,16.5
1526,16.5
1527,17.5
1528,15.5
1529,15.5
1530,16.5
1531,16.5
1532,16.5
1533,15.5
1534,17.5
1535,16.5
1536,17.5
1537,15.5
1538,16.5
1539,15.5
1540,16.5
1541,16.5
1542,16.5
1543,17.5
1544,16.5
1545,15.5
1546,16.5
1547,17.5
1548,16.5
1549,16.5
1550,15.5
1551,17.5
1552,16.5
1553,15.5
1554,15.5
1555,15.5
1556,16.5
1557,15.5
1558,17.5
1559,17.5
1560,16.5
1561,16.5
1562,17.5
1563,16.5
1564,15.5
1565,16.5
1566,15.5
1567,16.5
1568,17.5
1569,17.5
1570,16.5
1571,15.5
1572,16.5
1573,17.5
1574,15.5
1575,15.5
1576,17.5
1577,16.5
1578,15.5
1579,15.5
1580,16.5
1581,15.5
1582,16.5
1583,16.5
1584,16.5
1585,16.5
1586,16.5
1587,17.5
1588,17.5
1589,17.5
1590,16.5
1591,16.5
1592,16.5
1593,15.5
1594,16.5
1595,15.5
1596,16.5
1597,17.5
1598,16.5
1599,16.5
1600,17.5
1601,17.5
1602,17.5
1603,16.5
1604,16.5
1605,16.5
1606,16.5
1607,17.5
1608,16.5
1609,15.5
1610,17.5
1611,16.5
1612,15.5
1613,15.5
1614,16.5
1615,15.5
1616,15.5
1617,16.5
1618,15.5
1619,17.5
1620,16.5
1621,16.5
1622,15.5
1623,16.5
1624,17.5
1625,15.5
1626,15.5
1627,16.5
1628,16.5
1629,16.5
1630,16.5
1631,16.5
1632,16.5
1633,16.5
1634,16.5
1635,15.5
1636,16.5
1637,16.5
1638,15.5
1639,16.5
1640,16.5
1641,16.5
1642,16.5
1643,17.5
1644,16.5
1645,15.5
1646,16.5
1647,16.5
1648,15.5
1649,16.5
1650,16.5
1651,16.5
1652,17.5
1653,17.5
1654,16.5
1655,16.5
1656,15.5
1657,15.5
1658,17.5
1659,16.5
1660,15.5
1661,16.5
1662,15.5
1663,16.5
1664,15.5
1665,15.5
1666,16.5
1667,17.5
1668,16.5
1669,16.5
1670,15.5
1671,17.5
1672,17.5
1673,15.5
1674,15.5
1675,17.5
1676,15.5
1677,15.5
1678,16.5
1679,15.5
1680,15.5
1681,15.5
1682,15.5
1683,16.5
1684,15.5
1685,16.5
1686,17.5
1687,16.5
1688,17.5
1689,16.5
1690,16.5
1691,16.5
1692,16.5
1693,15.5
1694,16.5
1695,16.5
1696,16.5
1697,15.5
1698,16.5
1699,15.5
1700,16.5
1701,16.5
1702,16.5
1703,17.5
1704,16.5
1705,16.5
1706,15.5
1707,17.5
1708,15.5
1709,16.5
1710,16.5
1711,16.5
1712,16.5
1713,15.5
1714,16.5
1715,17.5
1716,17.5
1717,16.5
1718,16.5
1719,16.5
1720,16.5
1721,16.5
1722,17.5
1723,15.5
1724,16.5
1725,16.5
1726,17.5
1727,17.5
1728,16.5
1729,15.5
1730,16.5
1731,15.5
1732,16.5
1733,16.5
1734,15.5
1735,16.5
1736,17.5
1737,15.5
1738,17.5
1739,16.5
1740,16.5
1741,16.5
1742,17.5
1743,17.5
1744,16.5
1745,16.5
1746,17.5
1747,15.5
1748,16.5
1749,16.5
1750,15.5
1751,17.5
1752,17.5
1753,17.5
1754,15.5
1755,16.5
1756,15.5
1757,16.5
1758,15.5
1759,16.5
1760,16.5
1761,15.5
1762,16.5
1763,15.5
1764,17.5
1765,16.5
1766,15.5
1767,17.5
1768,15.5
1769,17.5
1770,15.5
1771,16.5
1772,16.5
1773,15.5
1774,17.5
1775,16.5
1776,15.5
1777,17.5
1778,16.5
1779,16.5
1780,16.5
1781,16.5
1782,16.5
1783,15.5
1784,17.5
1785,16.5
1786,17.5
1787,15.5
1788,16.5
1789,15.5
1790,16.5
1791,16.5
1792,15.5
1793,16.5
1794,15.5
1795,16.5
1796,16.5
1797,17.5
1798,16.5
1799,16.5
1800,16.5
1801,16.5
1802,15.5
1803,17.5
1804,16.5
1805,16.5
1806,16.5
1807,16.5
1808,16.5
1809,16.5
1810,16.5
1811,17.5
1812,17.5
1813,16.5
1814,16.5
1815,17.5
1816,17.5
1817,16.5
1818,16.5
1819,16.5
1820,16.5
1821,16.5
1822,16.5
1823,16.5
1824,15.5
1825,16.5
1826,16.5
1827,16.5
1828,16.5
1829,15.5
1830,16.5
1831,16.5
1832,16.5
1833,15.5
1834,17.5
1835,16.5
1836,17.5
1837,16.5
1838,15.5
1839,16.5
1840,15.5
1841,17.5
1842,16.5
1843,16.5
1844,17.5
1845,16.5
1846,16.5
1847,16.5
1848,16.5
1849,16.5
1850,17.5
1851,17.5
1852,16.5
1853,16.5
1854,16.5
1855,15.5
1856,16.5
1857,17.5
1858,16.5
1859,16.5
1860,16.5
1861,16.5
1862,16.5
1863,17.5
1864,17.5
1865,16.5
1866,16.5
1867,17.5
1868,16.5
1869,16.5
1870,17.5
1871,16.5
1872,15.5
1873,16.5
1874,16.5
1875,16.5
1876,17.5
1877,17.5
1878,17.5
1879,15.5
1880,17.5
1881,17.5
1882,16.5
1883,16.5
1884,17.5
1885,15.5
1886,17.5
1887,17.5
1888,16.5
1889,17.5
1890,15.5
1891,16.5
1892,17.5
1893,16.5
1894,17.5
1895,16.5
1896,17.5
1897,17.5
1898,16.5
1899,16.5
1900,17.5
1901,15.5
1902,16.5
1903,15.5
1904,15.5
1905,15.5
1906,15.5
1907,17.5
1908,16.5
1909,15.5
1910,16.5
1911,17.5
1912,15.5
1913,16.5
1914,17.5
1915,15.5
1916,17.5
1917,16.5
1918,16.5
1919,16.5
1920,16.5
1921,16.5
1922,17.5
1923,16.5
1924,16.5
1925,16.5
1926,16.5
1927,15.5
1928,16.5
1929,15.5
1930,15.5
1931,16.5
1932,16.5
1933,16.5
1934,15.5
1935,16.5
1936,17.5
1937,15.5
1938,17.5
1939,15.5
1940,16.5
1941,16.5
1942,17.5
1943,16.5
1944,16.5
1945,16.5
1946,15.5
1947,17.5
1948,17.5
1949,15.5
1950,17.5
1951,16.5
1952,16.5
1953,16.5
1954,15.5
1955,15.5
1956,15.5
1957,16.5
1958,16.5
1959,17.5
1960,15.5
1961,15.5
1962,16.5
1963,15.5
1964,15.5
1965,16.5
1966,17.5
1967,15.5
1968,15.5
1969,16.5
1970,17.5
1971,17.5
1972,15.5
1973,17.5
1974,16.5
1975,16.5
1976,16.5
1977,17.5
1978,15.5
1979,17.5
1980,16.5
1981,15.5
1982,16.5
1983,16.5
1984,17.5
1985,16.5
1986,16.5
1987,15.5
1988,15.5
1989,16.5
1990,15.5
1991,16.5
1992,16.5
1993,15.5
1994,15.5
1995,16.5
1996,16.5
1997,15.5
1998,16.5
1999,17.5
2000,15.5
2001,15.5
2002,17.5
2003,16.5
2004,17.5
2005,16.5
2006,16.5
2007,15.5
2008,16.5
2009,16.5
2010,16.5
2011,16.5
2012,15.5
2013,17.5
2014,16.5
2015,16.5
2016,17.5
2017,16.5
2018,16.5
2019,15.5
2020,15.5
2021,16.5
2022,17.5
2023,15.5
2024,16.5
2025,16.5
2026,15.5
2027,16.5
2028,15.5
2029,17.5
2030,16.5
2031,15.5
2032,15.5
2033,17.5
2034,16.5
2035,17.5
2036,15.5
2037,15.5
2038,15.5
2039,16.5
2040,16.5
2041,16.5
2042,15.5
2043,15.5
2044,17.5
2045,16.5
2046,17.5
2047,15.5
2048,16.5
2049,16.5
2050,16.5
2051,16.5
2052,17.5
2053,17.5
2054,15.5
2055,16.5
2056,16.5
2057,15.5
2058,15.5
2059,15.5
2060,15.5
2061,15.5
2062,16.5
2063,16.5
2064,15.5
2065,16.5
2066,16.5
2067,16.5
2068,15.5
2069,17.5
2070,15.5
2071,16.5
2072,16.5
2073,17.5
2074,17.5
2075,16.5
2076,15.5
2077,16.5
2078,16.5
2079,17.5
2080,16.5
2081,15.5
2082,16.5
2083,15.5
2084,16.5
2085,17.5
2086,16.5
2087,16.5
2088,17.5
2089,16.5
2090,17.5
2091,16.5
2092,16.5
2093,16.5
2094,17.5
2095,16.5
2096,16.5
2097,15.5
2098,16.5
2099,15.5
2100,15.5
2101,17.5
2102,17.5
2103,16.5
2104,15.5
2105,17.5
2106,16.5
2107,16.5
2108,17.5
2109,16.5
2110,16.5
2111,16.5
2112,16.5
2113,16.5
2114,16.5
2115,16.5
2116,16.5
2117,17.5
2118,17.5
2119,17.5
2120,16.5
2121,17.5
2122,15.5
2123,17.5
2124,15.5
2125,16.5
2126,16.5
2127,16.5
2128,17.5
2129,15.5
2130,16.5
2131,17.5
2132,16.5
2133,17.5
2134,16.5
2135,17.5
2136,16.5
2137,17.5
2138,16.5
2139,16.5
2140,16.5
2141,16.5
2142,15.5
2143,16.5
2144,16.5
2145,17.5
2146,16.5
2147,16.5
2148,16.5
2149,16.5
2150,16.5
2151,16.5
2152,15.5
2153,16.5
2154,15.5
2155,15.5
2156,15.5
2157,16.5
2158,15.5
2159,16.5
2160,16.5
2161,17.5
2162,16.5
2163,15.5
2164,15.5
2165,16.5
2166,16.5
2167,15.5
2168,16.5
2169,16.5
2170,15.5
2171,16.5
2172,15.5
2173,15.5
2174,17.5
2175,16.5
2176,16.5
2177,16.5
2178,17.5
2179,16.5
2180,16.5
2181,16.5
2182,16.5
2183,16.5
2184,16.5
2185,15.5
2186,16.5
2187,15.5
2188,17.5
2189,16.5
2190,16.5
2191,17.5
2192,16.5
2193,16.5
2194,15.5
2195,16.5
2196,16.5
2197,15.5
2198,16.5
2199,16.5
2200,16.5
2201,16.5
2202,16.5
2203,15.5
2204,15.5
2205,16.5
2206,16.5
2207,15.5
2208,16.5
2209,16.5
2210,15.5
2211,16.5
2212,16.5
2213,16.5
2214,16.5
2215,17.5
2216,16.5
2217,16.5
2218,16.5
2219,16.5
2220,15.5
2221,17.5
2222,17.5
2223,16.5
2224,15.5
2225,15.5
2226,15.5
2227,16.5
2228,17.5
2229,17.5
2230,16.5
2231,17.5
2232,16.5
2233,17.5
2234,17.5
2235,15.5
2236,16.5
2237,15.5
2238,17.5
2239,17.5
2240,15.5
2241,17.5
2242,16.5
2243,17.5
2244,16.5
2245,16.5
2246,15.5
2247,16.5
2248,16.5
2249,16.5
2250,15.5
2251,16.5
2252,16.5
2253,16.5
2254,15.5
2255,16.5
2256,15.5
2257,15.5
2258,16.5
2259,17.5
2260,16.5
2261,16.5
2262,16.5
2263,17.5
2264,15.5
2265,15.5
2266,17.5
2267,16.5
2268,16.5
2269,16.5
2270,16.5
2271,15.5
2272,16.5
2273,16.5
2274,15.5
2275,16.5
2276,15.5
2277,16.5
2278,16.5
2279,15.5
2280,16.5
2281,16.5
2282,17.5
2283,16.5
2284,17.5
2285,16.5
2286,16.5
2287,15.5
2288,15.5
2289,17.5
2290,15.5
2291,16.5
2292,16.5
2293,17.5
2294,16.5
2295,16.5
2296,16.5
2297,16.5
2298,16.5
2299,16.5
2300,17.5
2301,16.5
2302,16.5
2303,16.5
2304,15.5
2305,17.5
2306,15.5
2307,17.5
2308,17.5
2309,16.5
2310,17.5
2311,16.5
2312,16.5
2313,15.5
2314,15.5
2315,16.5
2316,17.5
2317,15.5
2318,15.5
2319,16.5
2320,16.5
2321,15.5
2322,15.5
2323,17.5
2324,16.5
2325,16.5
2326,16.5
2327,16.5
2328,17.5
2329,16.5
2330,16.5
2331,16.5
2332,16.5
2333,16.5
2334,16.5
2335,17.5
2336,16.5
2337,16.5
2338,15.5
2339,16.5
2340,17.5
2341,16.5
2342,17.5
2343,16.5
2344,15.5
2345,16.5
2346,17.5
2347,16.5
2348,17.5
2349,16.5
