3,21.433418
4,23.204716
5,21.945978
6,21.73169
7,22.30143
8,21.464025
9,21.870926
10,21.547949
11,22.114208
12,21.93975
13,22.262804
14,20.065582
15,19.981873
16,20.106092
17,19.696669
18,19.391394
19,19.399824
20,20.005444
21,20.128012
22,19.668444
23,20.076406
24,21.372816
25,19.976665
26,20.245726
27,20.087286
28,19.829422
29,20.618828
30,20.04847
31,19.67954
32,20.571465
33,20.2685
34,20.939922
35,19.608635
36,19.542805
37,20.674202
38,20.447905
39,19.072138
40,19.6941
41,19.274294
42,19.765474
43,19.931107
44,20.066978
45,20.721563
46,19.358221
47,20.33942
48,20.053614
49,21.616405
50,20.992958
51,21.747652
52,22.34951
53,21.671608
54,21.797998
55,21.988636
56,21.942162
57,21.694042
58,22.131414
59,21.870724
60,21.918524
61,21.906715
62,22.39734
63,21.537806
64,20.93496
65,20.560034
66,20.106321
67,20.204361
68,20.542416
69,19.702751
70,21.245377
71,20.064053
72,19.484688
73,20.161896
74,20.610401
75,20.846985
76,22.443386
77,24.198557
78,23.48509
79,24.128483
80,24.308245
81,24.243816
82,24.07328
83,23.927101
84,23.945612
85,23.967201
86,23.921448
87,24.035385
88,23.637291
89,24.396461
90,23.725721
91,23.432398
92,23.802557
93,24.215738
94,24.34762
95,23.971062
96,23.58695
97,24.043476
98,24.078056
99,24.002842
100,24.038786
101,24.142433
102,23.607733
103,24.110617
104,23.505869
105,24.478626
106,24.242262
107,23.980553
108,24.077469
109,23.755201
110,23.644224
111,24.058605
112,24.20071
113,24.352333
114,23.936852
115,23.574594
116,23.704903
117,23.46015
118,24.133583
119,23.776161
120,23.708395
121,24.09701
122,24.209858
123,23.95744
124,24.231495
125,23.483566
126,23.27427
127,24.632633
128,23.487902
129,24.353434
130,23.531332
131,24.108322
132,24.21881
133,24.270693
134,24.001713
135,23.560816
136,23.38368
137,24.24194
138,24.014614
139,24.148424
140,23.696632
141,24.473747
142,23.595606
143,23.441572
144,24.727764
145,23.823105
146,24.059128
147,23.611782
148,23.926071
149,24.31917
150,24.096926
151,23.863317
152,24.025072
153,24.184118
154,23.708797
155,23.905046
156,23.632359
157,24.056232
158,24.697525
159,23.92393
160,24.023811
161,24.07676
162,24.590942
163,24.434225
164,23.709213
165,24.339067
166,23.75112
167,24.554674
168,23.526054
169,23.452942
170,24.47925
171,24.118118
172,23.7137
173,23.84742
174,24.38089
175,24.062744
176,24.524292
177,23.829063
178,23.43502
179,24.265715
180,24.37825
181,23.669754
182,24.304657
183,24.295597
184,23.933407
185,23.789906
186,24.349422
187,24.348227
188,24.16307
189,24.235611
190,23.776745
191,24.211882
192,23.545874
193,24.217659
194,24.195974
195,23.870993
196,23.492691
197,24.143906
198,24.29202
199,24.45899
200,23.888195
201,23.81939
202,23.588142
203,24.217066
204,23.992832
205,24.080639
206,23.695183
207,24.042107
208,23.86105
209,23.49513
210,23.76695
211,24.22641
212,23.394289
213,23.979591
214,23.866531
215,24.19178
216,24.180756
217,24.326149
218,23.686127
219,24.016073
220,23.942513
221,23.992855
222,24.250967
223,24.371067
224,24.323578
225,23.525421
226,23.70941
227,24.11995
228,23.718073
229,23.207666
230,23.894506
231,24.174923
232,24.12841
233,23.821466
234,24.062778
235,24.257587
236,24.424925
237,24.503428
238,24.388481
239,24.277964
240,23.580162
241,23.488594
242,23.90566
243,23.881212
244,24.153088
245,24.067665
246,23.874186
247,23.888426
248,24.25688
249,23.716862
250,24.231808
251,23.821205
252,24.273542
253,23.92436
254,24.328968
255,24.137098
256,24.298376
257,24.134247
258,23.933908
259,24.153078
260,24.353811
261,24.39571
262,24.260063
263,24.306171
264,24.057907
265,24.1405
266,23.904734
267,24.148151
268,24.31355
269,23.971863
270,24.336256
271,24.317112
272,23.569653
273,24.093822
274,24.040901
275,23.687809
276,24.205536
277,24.075191
278,23.595526
279,23.446869
280,23.703276
281,24.169209
282,23.895386
283,24.101507
284,23.882505
285,24.239788
286,24.10882
287,23.693811
288,24.339674
289,24.354958
290,24.004381
291,24.322784
292,23.727654
293,24.018553
294,23.799034
295,23.618824
296,23.829138
297,24.082747
298,24.448946
299,23.862083
300,24.122915
301,24.183832
302,23.599895
303,24.013832
304,24.24503
305,24.148216
306,23.940063
307,23.488804
308,24.431393
309,23.859097
310,23.48308
311,23.853056
312,23.677368
313,23.868694
314,24.19416
315,23.711521
316,24.157612
317,24.741533
318,24.054419
319,24.248867
320,23.778957
321,23.435795
322,23.570631
323,23.693392
324,24.303886
325,24.183216
