3,21.901752
4,21.985413
5,22.238293
6,22.010527
7,22.144615
8,21.7492
9,22.075415
10,21.99606
11,21.606588
12,21.60578
13,22.226967
14,22.04206
15,21.807873
16,21.662113
17,22.45338
18,22.206831
19,21.698792
20,22.187742
21,21.819397
22,21.931856
23,21.936735
24,21.7597
25,22.132784
26,22.08217
27,21.768576
28,22.13562
29,21.78393
30,21.991657
31,21.995352
32,22.194181
33,22.157454
34,21.732323
35,22.293537
36,21.375898
37,21.764265
38,21.738792
39,22.102804
40,22.141376
41,22.284986
42,22.133307
43,22.405592
44,21.525137
45,22.224207
46,21.97807
47,22.113056
48,22.186924
49,22.139008
50,21.51475
51,22.074507
52,22.170753
53,21.741932
54,21.757275
55,21.762115
56,21.910805
57,22.08292
58,21.513788
59,21.5987
60,22.016298
61,21.827541
62,21.87252
63,21.885065
64,22.060104
65,21.616463
66,22.125687
67,21.934288
68,21.87637
69,21.807518
70,21.996174
71,21.883755
72,21.81973
73,21.841515
74,21.995325
75,21.982327
76,22.298126
77,21.65894
78,21.959797
79,22.095507
80,22.272635
81,22.081692
82,21.976587
83,22.104233
84,21.849087
85,22.336113
86,21.941938
87,22.450474
88,21.841547
89,21.91713
90,22.068207
91,22.1637
92,22.016928
93,21.669199
94,21.606676
95,22.018032
96,21.763573
97,21.883472
98,21.91837
99,21.925283
100,21.946167
101,21.881855
102,21.689386
103,21.918764
104,22.01816
105,21.88426
106,21.675285
107,21.690073
108,22.022068
109,21.847261
110,21.953794
111,21.491333
112,22.027914
113,22.212215
114,21.881527
115,22.302317
116,21.815039
117,21.986261
118,22.393652
119,22.115974
120,21.979792
121,21.704578
122,22.087385
123,22.099985
124,22.302376
125,22.094482
126,22.191298
127,22.447683
128,21.90328
129,22.108027
130,21.876074
131,22.27851
132,21.72147
133,22.013899
134,21.708515
135,22.014894
136,21.970217
137,21.793385
138,21.999113
139,22.11617
140,21.875595
141,22.085249
142,21.718395
143,21.964956
144,22.351482
145,21.691202
146,22.120848
147,21.882574
148,21.67249
149,22.185314
150,21.820541
151,22.216974
152,21.639057
153,21.90018
154,22.001099
155,21.731356
156,21.814669
157,21.643642
158,22.160685
159,22.270662
160,21.788671
161,21.84988
162,21.925068
163,21.98611
164,22.038906
165,21.786644
166,22.185596
167,22.107388
168,21.600489
169,22.380898
170,21.893995
171,21.885067
172,22.422117
173,22.435844
174,22.32368
175,21.69447
176,22.28698
177,22.062054
178,21.866077
179,21.792332
180,22.035042
181,21.76348
182,22.021566
183,21.90532
184,22.090645
186,21.584402
186,24.367357
187,22.009167
188,21.950888
189,21.59848
190,22.401218
191,22.202085
192,21.60819
193,21.829622
194,21.882242
195,22.43169
196,21.934303
197,22.011747
198,22.02914
199,22.195705
200,21.915333
201,22.018919
202,22.079348
203,21.910269
204,21.490839
205,22.001974
206,21.839947
207,22.38149
208,21.686007
209,21.612383
210,21.563898
211,22.217072
212,22.238457
213,21.9761
214,22.30572
215,22.08495
216,21.625519
217,22.088781
218,22.225607
219,21.855247
220,22.18264
221,22.289719
222,21.890839
223,21.74172
224,21.90896
225,22.013628
226,22.361206
227,21.79838
228,22.302492
229,21.697912
230,21.98293
231,21.80532
232,22.32913
233,22.17798
234,22.336617
235,21.731924
236,21.80766
237,22.346592
238,21.792326
239,21.73695
240,21.888075
241,21.75957
242,21.86861
243,21.912329
244,22.030487
245,22.48753
246,21.727985
247,22.407381
248,21.95337
249,21.68347
250,22.270218
251,21.858486
252,21.905169
253,22.311216
254,22.140787
255,22.153748
256,21.620972
257,21.96549
258,21.89177
259,22.019037
260,22.308462
261,22.275879
262,22.002108
263,21.55569
264,22.022795
265,22.113256
266,22.19285
267,22.326815
268,21.70777
269,21.9086
270,21.47223
271,21.870117
272,21.617579
273,21.969025
274,22.638613
275,21.903515
276,22.157776
277,22.17986
278,21.89676
279,22.072594
280,21.98723
281,22.510164
282,22.0693
283,21.701689
284,21.91324
285,21.955727
286,22.330225
287,22.023382
288,21.767998
289,22.224577
290,22.034029
291,21.95433
292,21.867785
293,21.9789
294,22.301382
295,22.019035
296,22.026793
297,21.870943
298,21.780354
299,22.00055
300,21.78091
301,22.053179
302,21.678816
303,22.180464
304,22.280222
305,22.096088
306,22.223047
307,22.10399
308,22.019733
309,21.766521
310,22.016262
311,21.53992
312,22.19217
313,21.80022
314,22.271898
315,21.969936
316,22.118162
317,21.985218
318,21.599976
319,21.816824
320,21.94648
321,22.533617
322,21.912886
323,22.210775
324,21.670368
325,22.206352
326,21.77027
327,22.383541
328,21.793783
329,22.504585
330,21.873384
331,22.049744
332,22.234482
333,22.387508
334,22.055937
335,22.225943
336,21.973276
337,22.014948
338,21.597948
339,22.081856
340,21.746828
341,21.653261
342,22.266157
343,22.164438
344,22.271523
345,21.967245
346,21.9094
347,22.093384
348,21.703096
349,21.827158
350,22.17401
351,21.84057
352,21.475115
353,21.729942
354,22.047897
355,21.800253
356,22.182281
357,21.974922
358,21.921236
359,21.695295
360,21.74388
361,21.970524
362,21.802025
363,21.634464
364,21.80278
365,21.80463
366,22.14549
367,21.989893
368,21.729769
369,22.077948
370,21.97415
371,22.316357
372,21.770618
373,21.99406
374,22.154558
375,21.801289
376,22.294817
377,21.562044
378,21.786371
379,21.887613
380,22.064816
381,21.90566
382,21.39922
383,21.495234
384,21.992327
385,22.116035
386,21.97291
387,22.29929
388,22.36768
389,21.97418
390,21.77848
391,21.832798
392,21.74902
393,22.417704
394,22.223368
395,21.964907
396,21.74552
397,22.395687
398,21.743906
399,22.004473
400,21.999817
401,22.280828
402,22.022123
403,22.088276
404,21.796175
405,21.602543
406,21.905766
407,21.973425
408,22.157005
409,21.810074
410,21.793474
411,22.14177
412,21.791658
413,22.282637
414,22.20969
415,22.235743
416,21.903788
417,22.19481
418,22.115475
419,21.520046
420,22.507015
421,21.854122
422,22.222311
423,21.818605
424,22.101252
425,21.792166
426,21.701681
427,21.672422
428,22.40966
429,22.169594
430,21.860022
431,21.957289
432,21.509752
433,22.280247
434,22.104406
435,22.204683
436,21.978813
437,21.70341
438,21.760624
439,22.126703
440,22.006123
441,21.907455
442,21.981321
443,22.142344
444,22.473698
445,21.864262
446,21.968819
447,22.228573
448,22.01799
449,22.17588
450,21.589037
451,22.108198
452,22.209414
453,22.000805
454,21.371319
455,22.286163
456,21.982536
457,21.958414
458,22.009945
459,22.03743
460,22.27441
461,22.207096
462,21.68899
463,21.988466
464,22.313616
465,22.038393
466,22.185448
467,21.799438
468,22.30325
469,21.84279
470,22.28915
471,22.007849
472,21.570543
473,22.140213
474,21.673243
475,21.881113
476,21.99069
477,21.882069
478,22.000013
479,21.756218
480,21.590214
481,22.297634
482,22.226805
483,22.381956
484,22.164694
485,22.126291
486,21.605013
487,21.722546
488,21.719
489,21.840096
490,22.052149
491,21.888914
492,21.831882
493,21.901857
494,21.881628
495,21.948917
496,22.512663
497,21.830181
498,22.251802
499,22.197939
500,22.022758
501,22.291761
502,21.895672
503,22.441378
504,21.914412
505,21.621346
506,21.711964
507,21.90452
508,22.19861
509,22.217987
510,22.201607
511,22.307484
512,22.375248
513,22.33902
514,22.423275
515,21.93506
516,22.40643
517,22.124907
518,21.86952
519,21.824223
520,21.564627
521,21.803017
522,22.267166
523,22.146152
524,22.219658
525,22.009336
526,22.39196
527,22.06167
528,21.79807
529,21.65606
530,22.126806
531,22.172338
532,22.074213
533,21.684216
534,21.551607
535,22.142977
536,22.175905
537,21.52661
538,22.250807
539,22.141079
540,21.979937
541,21.910322
542,22.398367
543,22.159231
544,21.781902
545,22.023863
546,21.897055
547,21.802877
548,22.118446
549,22.409372
550,22.25657
551,21.52554
552,22.113607
553,22.238588
554,21.82579
555,22.193151
556,21.810766
557,22.393188
558,22.005035
559,22.090834
560,21.983963
561,21.759247
562,22.242228
563,22.124249
564,21.820202
565,22.088678
566,22.028738
567,22.32809
568,22.43842
569,22.312569
570,21.907154
571,22.081469
572,21.891424
573,22.028648
574,21.808455
575,22.146368
576,22.331375
577,22.384462
578,22.388945
579,21.964523
580,22.23749
581,21.801975
582,21.469193
583,21.89248
584,22.136715
585,22.292353
586,22.313404
587,21.706932
588,22.001251
589,22.117521
590,22.071815
591,22.323835
592,22.025642
593,21.897243
594,22.248905
595,22.308378
596,22.265734
597,21.955326
598,21.835667
599,22.126438
600,21.905348
601,22.278572
602,22.081865
603,22.003237
604,21.973047
605,21.875696
606,21.620346
607,21.722086
608,21.653954
609,22.554264
610,21.490526
611,21.684149
612,21.984991
613,21.900517
614,22.085455
615,22.00954
616,22.185234
617,22.198856
618,22.14794
619,21.620686
620,21.983236
621,21.895031
622,22.190533
623,21.916794
624,22.231775
625,22.006886
626,22.217901
627,21.51597
628,22.417524
629,22.24254
630,22.186972
631,21.843483
632,21.907518
633,21.736729
634,21.606632
635,21.981136
636,21.791777
637,22.373909
638,21.657234
639,21.97552
640,21.872652
641,21.81151
642,21.883543
643,22.136724
644,21.756454
645,21.469233
646,21.748049
647,21.741114
648,22.02952
649,22.18589
650,22.277243
651,22.177896
652,22.225605
653,22.298092
654,21.523336
655,22.181673
656,21.885664
657,21.919346
658,21.899963
659,22.1102
660,22.0065
661,21.719366
662,22.39502
663,22.003452
664,21.806387
665,21.924498
666,22.077951
667,22.121563
668,21.721767
669,22.081938
670,22.653067
671,21.96135
672,22.338259
673,21.994183
674,21.737446
675,22.183018
676,22.045336
677,22.0041
678,22.111336
679,22.235594
680,21.872944
681,21.87647
682,21.845762
683,22.22144
684,21.798393
685,22.094429
686,21.98895
687,21.701014
688,21.750154
689,21.901348
690,21.891392
691,21.920164
692,22.283974
693,22.263985
694,21.592266
695,21.9217
696,22.208311
697,22.354895
698,21.816946
699,22.219711
700,21.460184
701,21.665762
702,21.865313
703,22.12522
704,22.082235
705,21.566513
706,21.566322
707,21.993267
708,22.370544
709,22.282652
710,22.178139
711,22.45988
712,21.821318
713,22.300201
714,22.194818
715,21.6795
716,21.99626
717,22.29726
718,22.311129
719,22.193405
720,22.151743
721,22.545732
722,22.141619
723,21.719204
724,21.916908
725,22.275644
726,21.865633
727,22.090025
728,22.13044
729,21.896614
730,21.787706
731,22.389172
732,22.014318
733,22.35745
734,22.115074
735,22.28331
736,22.15955
737,21.667225
738,21.898796
739,22.22225
740,21.811665
741,21.896416
742,22.14481
743,22.329298
744,21.9713
745,22.208052
746,21.900799
747,21.726347
748,22.343277
749,22.177277
750,22.19458
751,22.014421
752,21.893232
753,21.790398
754,21.517405
755,22.175533
756,22.184309
757,22.118301
758,21.61368
759,21.605274
760,21.917206
761,22.190533
762,22.20079
763,22.255491
764,22.311886
765,22.01998
766,22.071045
767,21.848305
768,21.721455
769,22.426273
770,22.422342
771,22.193106
772,22.293968
773,22.305141
774,21.729578
775,21.69487
776,22.255188
777,22.042006
778,21.82177
779,22.068361
780,21.980038
781,21.953812
782,21.675947
783,22.140173
784,22.320024
785,22.129765
786,22.336006
787,21.827942
788,22.523556
789,22.413929
790,21.878283
791,21.823214
792,21.94008
793,22.068123
794,22.117811
795,21.886591
796,21.999062
797,22.275595
798,22.033798
799,22.069963
800,22.604792
801,21.903427
802,22.001396
803,21.803816
804,21.989887
805,22.02478
806,22.086369
807,22.056173
808,21.734573
809,21.885767
810,21.857618
811,21.91617
812,22.254665
813,22.119774
814,22.094847
815,21.986973
816,22.32295
817,22.285686
818,21.90375
819,22.391878
820,21.680277
821,22.079288
822,22.008007
823,21.89202
824,21.465635
825,21.985851
826,21.714113
827,21.987345
828,21.557098
829,22.358652
830,22.069311
831,22.017738
832,21.83172
833,21.715586
834,22.406986
835,22.134684
836,22.178223
837,22.285765
838,21.728294
839,21.862978
840,22.201525
841,22.035946
842,21.694695
843,21.608175
844,22.023657
845,21.795845
846,22.290031
847,22.317429
848,22.164288
849,21.704802
850,22.176186
851,22.522346
852,21.566319
853,21.94604
854,21.790989
855,22.164982
856,21.691507
857,21.87328
858,22.290226
859,21.545015
860,21.837292
861,22.37801
862,21.734205
863,21.794312
864,21.963013
865,22.204506
866,21.468077
867,21.786411
868,21.971283
869,21.997187
870,22.033697
871,21.884985
872,21.736485
873,22.402992
874,21.732231
875,21.647465
876,21.972925
877,22.10982
878,21.917757
879,22.00393
880,21.716793
881,21.623875
882,21.978659
883,21.577728
884,22.080124
885,22.28193
886,21.976597
887,22.282194
888,22.31029
889,21.916311
890,21.798395
891,21.895763
892,21.892948
893,22.296104
894,21.927055
895,22.316217
896,21.606022
897,21.885895
898,22.20744
899,21.907253
900,22.02476
901,22.178467
902,21.905039
903,22.018738
904,21.894053
905,21.865568
906,21.699701
907,21.86095
908,21.665052
909,22.067822
910,22.014671
911,21.66896
912,21.799397
913,22.308079
914,22.061104
915,21.813738
916,22.59928
917,21.80703
918,21.884861
919,21.92952
920,22.127584
921,21.91716
922,22.108458
923,21.999407
924,22.212486
925,21.832502
926,22.081781
927,21.730312
928,21.799635
929,22.093805
930,21.711576
931,22.322851
932,21.683489
933,21.987402
934,21.864979
935,22.287651
936,21.60039
937,21.898201
938,22.183254
939,22.082933
940,22.010025
941,22.059547
942,21.770876
943,21.776335
944,21.795574
945,21.869514
946,21.551998
947,21.690123
948,22.366838
949,21.755331
950,21.771698
951,22.188354
952,22.198462
953,22.098188
954,21.703566
955,22.057636
956,22.503258
957,21.916777
958,22.346834
959,21.887245
960,22.276783
961,22.012415
962,22.39372
963,21.770918
964,21.847057
965,22.122377
966,22.43119
967,22.036873
968,22.091467
969,22.321617
970,21.992651
971,21.73743
972,22.078861
973,21.888245
974,21.632582
975,21.871782
976,21.94535
977,22.276476
978,22.128395
979,22.232534
980,22.182253
981,21.883406
982,22.338352
983,22.104193
984,21.877712
985,21.776918
986,21.579597
987,21.840784
988,22.330631
989,21.984385
990,21.95693
991,21.89558
992,22.28209
993,21.880438
994,21.75164
995,21.717407
996,21.80914
997,21.740847
998,21.73319
999,21.59747
1000,21.883665
1001,21.990023
1002,21.851654
1003,22.007359
1004,21.726303
1005,22.515566
1006,22.40785
1007,22.177084
1008,22.292297
1009,21.96347
1010,21.824709
1011,21.97855
1012,21.816214
1013,22.193682
1014,21.824566
1015,22.230473
1016,21.999298
1017,22.224228
1018,22.088417
1019,21.833586
1020,22.121273
1021,22.323416
1022,21.596214
1023,21.609234
1024,22.141617
1025,22.300936
1026,21.988997
1027,21.58441
1028,21.830656
1029,21.615814
1030,21.699463
1031,21.898596
1032,21.563656
1033,21.843351
1034,22.266758
1035,22.051516
1036,22.06525
1037,22.53524
1038,22.317068
1039,21.666273
1040,22.072542
1041,22.334702
1042,21.96124
1043,21.724634
1044,21.82997
1045,22.068228
1046,21.705763
1047,22.080908
1048,22.1693
1049,22.281343
1050,22.219912
1051,21.893114
1052,21.782024
1053,21.993628
1054,21.986925
1055,21.998104
1056,21.870117
1057,21.96516
1058,21.682402
1059,21.686916
1060,22.053192
1061,22.064667
1062,22.225399
1063,21.784689
1064,21.763184
1065,21.988678
1066,21.995605
1067,22.059572
1068,21.906118
1069,22.294912
1070,21.780521
1071,21.99453
1072,22.189562
1073,22.038876
1074,22.131649
1075,22.119987
1076,21.70768
1077,21.97471
1078,22.092192
1079,22.228651
1080,22.287128
1081,21.708246
1082,22.025913
1083,22.032465
1084,21.78236
1085,21.885242
1086,22.108534
1087,21.94096
1088,22.101892
1089,22.11146
1090,21.634178
1091,22.09181
1092,21.995419
1093,22.089043
1094,21.884336
1095,22.130806
1096,22.073631
1097,21.889887
1098,22.368036
1099,22.007853
1100,21.829538
1101,22.047115
1102,22.413454
1103,22.07076
1104,21.391132
1105,22.437214
1106,22.222271
1107,21.966228
1108,22.287317
1109,21.695576
1110,21.981932
1111,21.699806
1112,22.10148
1113,22.111101
1114,21.875952
1115,21.889753
1116,22.047644
1117,21.998379
1118,21.78173
1119,22.203188
1120,21.823023
1121,22.120426
1122,21.99287
1123,22.295273
1124,21.897003
1125,22.011559
1126,22.004686
1127,22.335493
1128,22.32351
1129,21.858349
1130,22.370972
1131,22.486443
1132,21.603922
1133,22.229534
1134,22.327728
1135,22.391478
1136,22.306978
1137,22.3903
1138,21.994303
1139,22.260283
1140,21.52207
1141,21.793085
1142,22.080587
1143,22.22011
1144,22.018267
1145,22.404842
1146,22.103098
1147,21.718271
1148,22.112583
1149,21.449467
1150,22.14345
1151,22.226631
1152,22.239828
1153,22.35781
1154,22.023676
1155,21.705631
1156,21.661598
1157,22.104464
1158,21.371529
1159,21.617659
1160,22.441057
1161,21.848627
1162,21.784504
1163,21.797947
1164,21.922647
1165,21.835335
1166,21.789816
1167,22.229727
1168,21.815523
1169,21.901548
1170,22.212753
1171,22.009003
1172,22.10605
1173,21.59896
1174,22.08212
1175,21.895128
1176,21.928173
1177,21.920343
1178,22.189035
1179,21.892536
1180,22.628992
1181,22.288054
1182,22.137592
1183,22.445911
1184,21.803928
1185,21.789915
1186,21.59691
1187,22.097975
1188,21.968763
1189,22.539663
1190,21.906347
1191,22.413279
1192,22.538698
1193,22.212456
1194,22.476244
1195,21.980875
1196,21.506794
1197,21.800915
1198,22.426676
1199,21.884045
1200,21.799984
1201,22.028152
1202,21.814772
1203,22.031881
1204,21.690683
1205,22.436995
1206,21.967796
1207,21.907059
1208,21.762657
1209,21.732687
1210,21.975744
1211,22.27776
1212,21.924904
1213,22.065044
1214,21.899803
1215,21.874462
1216,21.994347
1217,22.03734
1218,21.694601
1219,21.641994
1220,21.963375
1221,22.420218
1222,22.339535
1223,21.522327
1224,21.920458
1225,21.843496
1226,21.989069
1227,22.06347
1228,21.940826
1229,22.205225
1230,22.26013
1231,22.004953
1232,22.101692
1233,22.150236
1234,21.616205
1235,22.025875
1236,21.830002
1237,22.011614
1238,22.39129
1239,22.01766
1240,22.384565
1241,22.0811
1242,21.964363
1243,22.018206
1244,21.612497
1245,21.801815
1246,22.1114
1247,21.962805
1248,21.976387
1249,22.072372
1250,22.035046
1251,22.021431
1252,21.810205
1253,21.969246
1254,22.057232
1255,21.989939
1256,21.999752
1257,21.89987
1258,21.886976
1259,22.092567
1260,21.956009
1261,21.664858
1262,21.819555
1263,21.638357
1264,21.66305
1265,22.288559
1266,22.424212
1267,21.848686
1268,22.001503
1269,21.352222
1270,21.961319
1271,22.267506
1272,22.040411
1273,21.61968
1274,22.268913
1275,21.393023
1276,21.882746
1277,22.190348
1278,21.877232
1279,21.94322
1280,21.664778
1281,22.315954
1282,22.157736
1283,22.320488
1284,21.710241
1285,21.816639
1286,21.860205
1287,22.306408
1288,22.314745
1289,22.219662
1290,22.422344
1291,22.091314
1292,22.065092
1293,21.819344
1294,22.160767
1295,22.098255
1296,22.175488
1297,21.807247
1298,21.908566
1299,21.77179
1300,21.92362
1301,21.690237
1302,21.843962
1303,21.834246
1304,22.103401
1305,21.899761
1306,21.87364
1307,22.13506
1308,21.502146
1309,22.132486
1310,22.029335
1311,22.276863
1312,22.4678
1313,22.010818
1314,21.765371
1315,21.794025
1316,21.946953
1317,22.223751
1318,22.13229
1319,22.114172
1320,22.059326
1321,21.637024
1322,22.009012
1323,21.94169
1324,22.25418
1325,22.12114
1326,21.991842
1327,21.871347
1328,22.514143
1329,22.311651
1330,22.132664
1331,22.01063
1332,22.019205
1333,21.916811
1334,21.521656
1335,21.875454
1336,21.683382
1337,22.103556
1338,21.840187
1339,22.218082
1340,22.19738
1341,22.20107
1342,21.892872
1343,22.211132
1344,22.175404
1345,21.535934
1346,22.218254
1347,22.392063
1348,21.99285
1349,21.587881
1350,21.772438
1351,21.406551
1352,22.283417
1353,21.987305
1354,21.879753
1355,21.78747
1356,21.992945
1357,22.017862
1358,22.294104
1359,22.009426
1360,22.350967
1361,22.107838
1362,21.90876
1363,21.985176
1364,21.864042
1365,22.101362
1366,21.978964
1367,22.39604
1368,21.997978
1369,22.01547
1370,22.240013
1371,21.974133
1372,22.382385
1373,21.873579
1374,22.254211
1375,21.892616
1376,21.685074
1377,22.081415
1378,21.64842
1379,22.121607
1380,21.864388
1381,22.070642
1382,22.006527
1383,21.813757
1384,22.279541
1385,22.18814
1386,22.19257
1387,21.619198
1388,22.020056
1389,22.19671
1390,22.015512
1391,21.57286
1392,21.555645
1393,22.311348
1394,21.804426
1395,22.253223
1396,21.79229
1397,22.000584
1398,21.816359
1399,21.609165
1400,22.028368
1401,21.872252
1402,22.22282
1403,22.00604
1404,22.125097
1405,22.220016
1406,21.756947
1407,21.702234
1408,22.224106
1409,21.708279
1410,22.106955
1411,22.187042
1412,22.20013
1413,22.042658
1414,21.826029
1415,22.314835
1416,21.707134
1417,22.113056
1418,22.300041
1419,21.914413
1420,21.731705
1421,22.27716
1422,22.404984
1423,21.898403
1424,21.929386
1425,22.278515
1426,21.816076
1427,22.022831
1428,22.191914
1429,21.969795
1430,22.076067
1431,22.385418
1432,22.102922
1433,21.95755
1434,21.811802
1435,21.821821
1436,22.142254
1437,22.090584
1438,22.02324
1439,22.295872
1440,22.20443
1441,22.254402
1442,22.291416
1443,21.91939
1444,21.575253
1445,21.822935
1446,21.59469
1447,22.114431
1448,22.217594
1449,21.905357
1450,21.589462
1451,21.989716
1452,22.23639
1453,21.85285
1454,21.491228
1455,21.59669
1456,21.60514
1457,22.173422
1458,21.876768
1459,22.264141
1460,21.719843
1461,21.90092
1462,21.892218
1463,21.916525
1464,22.050404
1465,21.603018
1466,21.70631
1467,21.866865
1468,21.669882
1469,21.631306
1470,22.100786
1471,21.837309
1472,22.101284
1473,21.795006
1474,21.907427
1475,22.028738
1476,22.211441
1477,21.996656
1478,21.736671
1479,21.864185
1480,21.887087
1481,22.40766
1482,21.84901
1483,21.912117
1484,22.201601
1485,22.0335
1486,22.287628
1487,21.80592
1488,22.001158
1489,21.72603
1490,21.859903
1491,22.216352
1492,21.749718
1493,22.147417
1494,22.501749
1495,22.069635
1496,21.770401
1497,22.306232
1498,21.916676
1499,21.690334
1500,21.924578
1501,22.104761
1502,22.122334
1503,21.865955
1504,22.078745
1505,21.699614
1506,22.273623
1507,21.922544
1508,22.09765
1509,22.101532
1510,21.582298
1511,22.014801
1512,21.992462
1513,21.919264
1514,22.057163
1515,21.913681
1516,22.12545
1517,21.781155
1518,22.143513
1519,21.784071
1520,21.700914
1521,21.70172
1522,22.016432
1523,21.888622
1524,21.970547
1525,22.124271
1526,22.13174
1527,22.318642
1528,21.902157
1529,21.79295
1530,22.026012
1531,22.023714
1532,22.059298
1533,21.61267
1534,22.339071
1535,22.01409
1536,22.098843
1537,21.81625
1538,21.967413
1539,21.683735
1540,22.082123
1541,22.072952
1542,22.31167
1543,22.21049
1544,21.693253
1545,21.927542
1546,22.12026
1547,22.205118
1548,21.893665
1549,21.891031
1550,21.60572
1551,22.418684
1552,21.976616
1553,21.630686
1554,21.609348
1555,21.462618
1556,22.089924
1557,21.823128
1558,22.501377
1559,22.205431
1560,22.18714
1561,22.022636
1562,22.382227
1563,21.981958
1564,21.749414
1565,22.118279
1566,21.63117
1567,22.072578
1568,22.198215
1569,22.165792
1570,21.876186
1571,21.563011
1572,22.076094
1573,22.290028
1574,21.682764
1575,21.707584
1576,22.290758
1577,21.985579
1578,21.910725
1579,21.556063
1580,22.008215
1581,21.631165
1582,21.998278
1583,22.107925
1584,22.091663
1585,21.908335
1586,21.972279
1587,22.498085
1588,22.178726
1589,22.27512
1590,22.004417
1591,21.909422
1592,21.913725
1593,21.500496
1594,21.800465
1595,21.609243
1596,22.067997
1597,22.303207
1598,21.820648
1599,21.774033
1600,22.282715
1601,22.463165
1602,22.287735
1603,22.171848
1604,21.921734
1605,21.873966
1606,21.968449
1607,22.179829
1608,21.820509
1609,21.728374
1610,22.517931
1611,22.093023
1612,21.47435
1613,21.834925
1614,21.991632
1615,21.79685
1616,21.82765
1617,22.044441
1618,21.705936
1619,22.383423
1620,21.927197
1621,21.882486
1622,21.720379
1623,21.892717
1624,22.276281
1625,21.598618
1626,21.817204
1627,21.932405
1628,22.035206
1629,21.879429
1630,22.021538
1631,22.070393
1632,22.1716
1633,21.88406
1634,22.058418
1635,21.60854
1636,21.866919
1637,21.894089
1638,21.948275
1639,21.97879
1640,21.873465
1641,22.053465
1642,21.906963
1643,22.435001
1644,21.969513
1645,21.507975
1646,21.995201
1647,21.910408
1648,21.722301
1649,21.94116
1650,22.286621
1651,21.789131
1652,22.307653
1653,22.282816
1654,21.986217
1655,21.989637
1656,21.624535
1657,21.493706
1658,22.280905
1659,22.127872
1660,21.811544
1661,22.225811
1662,21.612305
1663,22.104599
1664,21.69053
1665,21.602468
1666,21.910673
1667,22.263527
1668,21.91751
1669,22.219624
1670,21.702923
1671,22.301756
1672,22.264029
1673,21.681
1674,21.728912
1675,22.289417
1676,21.558298
1677,21.702272
1678,22.005869
1679,21.8931
1680,21.474012
1681,21.801773
1682,21.674004
1683,21.893024
1684,21.699501
1685,21.869785
1686,22.217422
1687,21.88982
1688,22.290047
1689,21.988314
1690,21.983213
1691,22.188654
1692,21.918667
1693,21.610813
1694,22.100594
1695,21.962242
1696,22.297892
1697,21.678167
1698,22.087557
1699,21.813887
1700,21.88927
1701,22.006495
1702,22.113596
1703,22.424183
1704,22.017035
1705,22.08604
1706,21.707495
1707,22.292788
1708,21.724508
1709,22.116316
1710,22.027786
1711,22.00555
1712,21.899038
1713,21.595535
1714,22.185417
1715,22.298569
1716,22.388239
1717,21.988651
1718,21.931086
1719,21.91429
1720,21.894188
1721,21.906801
1722,22.372694
1723,21.77851
1724,21.989048
1725,21.934002
1726,22.360256
1727,22.441235
1728,21.907467
1729,21.581358
1730,21.908442
1731,21.4974
1732,22.33653
1733,22.09564
1734,21.728724
1735,21.986631
1736,22.386112
1737,21.636267
1738,22.275679
1739,21.930054
1740,21.87405
1741,21.986456
1742,22.160887
1743,22.526314
1744,21.902897
1745,21.824581
1746,22.385475
1747,21.602879
1748,22.057371
1749,21.900585
1750,21.890718
1751,22.507267
1752,22.413887
1753,22.092157
1754,21.72554
1755,22.083778
1756,21.713936
1757,22.249252
1758,21.555857
1759,22.10081
1760,21.922716
1761,21.563631
1762,22.097902
1763,21.75478
1764,22.09797
1765,22.01563
1766,21.57727
1767,22.094374
1768,21.61908
1769,22.29867
1770,21.447918
1771,21.9657
1772,22.024157
1773,21.612818
1774,22.298712
1775,21.925175
1776,21.803478
1777,22.230202
1778,21.962297
1779,22.015236
1780,22.048544
1781,21.881388
1782,22.103868
1783,21.597727
1784,22.401638
1785,22.093193
1786,22.19076
1787,21.628668
1788,22.12056
1789,21.730812
1790,21.867357
1791,21.953253
1792,21.58313
1793,22.215782
1794,21.701332
1795,21.767445
1796,22.090857
1797,22.254877
1798,21.896208
1799,22.31619
1800,22.067434
1801,21.826082
1802,21.905315
1803,22.174286
1804,21.90572
1805,21.99034
1806,21.868177
1807,22.09623
1808,22.090775
1809,22.231222
1810,22.079096
1811,22.214066
1812,22.180792
1813,22.014366
1814,21.885258
1815,22.414762
1816,22.079842
1817,21.899082
1818,21.928152
1819,22.019146
1820,21.900436
1821,21.996155
1822,21.906513
1823,22.025545
1824,21.697187
1825,21.927832
1826,21.895164
1827,21.798199
1828,21.881817
1829,21.904884
1830,22.032093
1831,22.123701
1832,22.130398
1833,21.615017
1834,22.071192
1835,22.086325
1836,22.537092
1837,21.913424
1838,21.630014
1839,22.09434
1840,21.72503
1841,22.519539
1842,21.888689
1843,21.98359
1844,22.379274
1845,21.965239
1846,22.12014
1847,21.98374
1848,22.032597
1849,21.934492
1850,22.268927
1851,22.501675
1852,22.194168
1853,22.143179
1854,22.22115
1855,21.867191
1856,22.02801
1857,22.044338
1858,22.09103
1859,22.022192
1860,21.956268
1861,22.066374
1862,21.873894
1863,22.207808
1864,22.157747
1865,21.906507
1866,21.99239
1867,22.377216
1868,22.086176
1869,22.07308
1870,22.433393
1871,21.980778
1872,21.570034
1873,22.010845
1874,21.864922
1875,22.0953
1876,22.285004
1877,22.203838
1878,22.200283
1879,21.87157
1880,22.394302
1881,22.417774
1882,22.071472
1883,21.881168
1884,22.50463
1885,21.594612
1886,22.355968
1887,22.16886
1888,21.772629
1889,22.086578
1890,21.736626
1891,22.077118
1892,22.285416
1893,21.978855
1894,22.13525
1895,22.095148
1896,22.10186
1897,22.164642
1898,22.094093
1899,22.029146
1900,22.417835
1901,21.586996
1902,21.898247
1903,21.727722
1904,21.69498
1905,21.771397
1906,21.63859
1907,22.349308
1908,22.100983
1909,21.757309
1910,22.03211
1911,22.152199
1912,21.731531
1913,21.808315
1914,22.321634
1915,21.920816
1916,22.388924
1917,21.992565
1918,21.796696
1919,21.876831
1920,21.924393
1921,22.098577
1922,22.170565
1923,22.18266
1924,22.125969
1925,22.190168
1926,21.974953
1927,21.732038
1928,21.787966
1929,21.797672
1930,21.689928
1931,21.951345
1932,21.993925
1933,21.91938
1934,21.602905
1935,21.901312
1936,22.50183
1937,21.797855
1938,22.376486
1939,21.693062
1940,21.977343
1941,22.094116
1942,22.104153
1943,22.251926
1944,22.006311
1945,21.961073
1946,21.60053
1947,22.405678
1948,22.390856
1949,21.644882
1950,22.163494
1951,22.103916
1952,21.78952
1953,22.072128
1954,21.759638
1955,21.776434
1956,21.754673
1957,21.863604
1958,21.87889
1959,21.986734
1960,21.61984
1961,21.613512
1962,21.788698
1963,21.605614
1964,21.610395
1965,22.00284
1966,22.411427
1967,21.663311
1968,21.537556
1969,21.980804
1970,22.29466
1971,22.094978
1972,21.704132
1973,22.327978
1974,22.110435
1975,22.128466
1976,22.122149
1977,22.05079
1978,21.693775
1979,22.291304
1980,22.210289
1981,21.668781
1982,22.202116
1983,21.893059
1984,22.420118
1985,22.116295
1986,22.01754
1987,21.558275
1988,21.626694
1989,22.100891
1990,21.698792
1991,21.995571
1992,21.913471
1993,21.8155
1994,21.854202
1995,21.999554
1996,21.988705
1997,21.759495
1998,22.116432
1999,22.42634
2000,21.600925
2001,21.565279
2002,22.354668
2003,22.021008
2004,22.162008
2005,21.969843
2006,22.117992
2007,21.7039
2008,21.99448
2009,21.821632
2010,22.020203
2011,22.224583
2012,21.537027
2013,22.292685
2014,21.753775
2015,22.209478
2016,22.194563
2017,21.968493
2018,22.117844
2019,21.931156
2020,21.509222
2021,22.109064
2022,22.197384
2023,21.620749
2024,21.804039
2025,22.016644
2026,21.51013
2027,21.813217
2028,21.57105
2029,22.581005
2030,21.984962
2031,21.829334
2032,21.603168
2033,22.08675
2034,22.098799
2035,22.490095
2036,22.038502
2037,21.81678
2038,21.553553
2039,21.91653
2040,21.896833
2041,21.932432
2042,21.693993
2043,21.598005
2044,22.065693
2045,22.197292
2046,22.165705
2047,21.603914
2048,21.86507
2049,22.019054
2050,22.025928
2051,21.958273
2052,22.209883
2053,22.261948
2054,21.733301
2055,21.908478
2056,21.929296
2057,21.918663
2058,21.935303
2059,21.91867
2060,21.583504
2061,21.73669
2062,21.889908
2063,22.016481
2064,21.597244
2065,21.846622
2066,22.152721
2067,21.904623
2068,21.767534
2069,22.261307
2070,21.79222
2071,21.984886
2072,22.027662
2073,22.477102
2074,22.390581
2075,21.910044
2076,21.775023
2077,21.74672
2078,21.899977
2079,22.122082
2080,22.105648
2081,21.73294
2082,22.08726
2083,21.717669
2084,22.115986
2085,22.212954
2086,21.922392
2087,21.990637
2088,22.450775
2089,21.982853
2090,22.27723
2091,22.0818
2092,22.070597
2093,21.9942
2094,22.368406
2095,22.09826
2096,21.970072
2097,21.553265
2098,22.227716
2099,21.420681
2100,21.498007
2101,22.178131
2102,22.428202
2103,21.933146
2104,21.69083
2105,22.499218
2106,21.979977
2107,21.898792
2108,22.17794
2109,21.981308
2110,22.177279
2111,21.792772
2112,21.869144
2113,21.931477
2114,22.09391
2115,21.926949
2116,22.121378
2117,22.165981
2118,22.516489
2119,22.31706
2120,21.978176
2121,22.365627
2122,21.736893
2123,22.409397
2124,21.61459
2125,21.768507
2126,21.893494
2127,21.974792
2128,22.299143
2129,21.644777
2130,21.897676
2131,22.358038
2132,21.877544
2133,22.330227
2134,22.15283
2135,22.309275
2136,22.194124
2137,22.317156
2138,21.964592
2139,21.987394
2140,21.976648
2141,21.913536
2142,21.81602
2143,22.088957
2144,22.027298
2145,22.251305
2146,21.840748
2147,21.807367
2148,21.90416
2149,21.76804
2150,21.952095
2151,22.19925
2152,21.723854
2153,21.88276
2154,21.60261
2155,21.902592
2156,21.832355
2157,21.891224
2158,21.791649
2159,21.803799
2160,21.907955
2161,22.353853
2162,22.139032
2163,21.547153
2164,21.699892
2165,21.786898
2166,21.883186
2167,21.780832
2168,21.972301
2169,22.13191
2170,21.788136
2171,22.096882
2172,21.616932
2173,21.524035
2174,22.190283
2175,21.997732
2176,22.034277
2177,22.200886
2178,22.353374
2179,21.908909
2180,22.233269
2181,21.888447
2182,21.905066
2183,21.998209
2184,22.013416
2185,21.596384
2186,22.11826
2187,21.925816
2188,22.215952
2189,21.763962
2190,22.11046
2191,22.147203
2192,22.216778
2193,22.112865
2194,21.95096
2195,22.120842
2196,21.99096
2197,21.678423
2198,21.855753
2199,22.157572
2200,21.924513
2201,21.798378
2202,22.237875
2203,21.457355
2204,21.837307
2205,21.96283
2206,21.953684
2207,21.726908
2208,22.226545
2209,21.92174
2210,21.826206
2211,21.909252
2212,22.20057
2213,21.876377
2214,22.092379
2215,22.096771
2216,21.981182
2217,22.062548
2218,22.122032
2219,21.788534
2220,21.755955
2221,22.41401
2222,22.193386
2223,21.938524
2224,21.613424
2225,21.837387
2226,21.68619
2227,22.040335
2228,22.188171
2229,22.117239
2230,22.147026
2231,22.398596
2232,22.131685
2233,22.464033
2234,22.18667
2235,21.688383
2236,21.809015
2237,21.727005
2238,22.199795
2239,22.108995
2240,21.805668
2241,22.312653
2242,22.189909
2243,22.289433
2244,22.012562
2245,22.018831
2246,21.71884
2247,21.90506
2248,22.006273
2249,22.022781
2250,21.80258
2251,21.896181
2252,21.916374
2253,21.99001
2254,21.931992
2255,21.950985
2256,21.74404
2257,21.728624
2258,22.205242
2259,22.081734
2260,21.748606
2261,21.773857
2262,22.111168
2263,22.267273
2264,21.796461
2265,21.818209
2266,22.28849
2267,21.990225
2268,22.001755
2269,22.025858
2270,22.069324
2271,21.598585
2272,22.201656
2273,22.114288
2274,21.616352
2275,22.06504
2276,21.580664
2277,21.996218
2278,21.93701
2279,21.582813
2280,21.769444
2281,22.184725
2282,22.299824
2283,21.90461
2284,22.088938
2285,22.00979
2286,22.052927
2287,21.896112
2288,21.631182
2289,22.398834
2290,21.680414
2291,22.119946
2292,21.893688
2293,22.197304
2294,22.112045
2295,22.208754
2296,22.297625
2297,21.871407
2298,21.92372
2299,22.006638
2300,22.219498
2301,21.966356
2302,21.893745
2303,22.129778
2304,21.707722
2305,22.263071
2306,21.8029
2307,22.355215
2308,22.248852
2309,22.02379
2310,22.507685
2311,21.667345
2312,21.994028
2313,21.939875
2314,21.535305
2315,21.865145
2316,22.422934
2317,21.808983
2318,21.821842
2319,22.003263
2320,21.791988
2321,21.685648
2322,21.494755
2323,22.506075
2324,22.014982
2325,21.973106
2326,22.145267
2327,21.933401
2328,22.366982
2329,21.976566
2330,21.660318
2331,22.00295
2332,21.774738
2333,22.29003
2334,21.775957
2335,22.403885
2336,22.094336
2337,21.982635
2338,21.591303
2339,21.995682
2340,22.05882
2341,21.982178
2342,22.278822
2343,22.1442
2344,21.83582
2345,22.093334
2346,22.286865
2347,21.901587
2348,22.15012
2349,22.019102
