3,-1600.0
4,-1600.0
5,-1600.0
6,-1600.0
7,-1600.0
8,-1600.0
9,-1600.0
10,-1600.0
11,-1600.0
12,-1600.0
13,-1600.0
14,-1600.0
15,-1600.0
16,-1600.0
17,-1600.0
18,-1600.0
19,-1600.0
20,-1600.0
21,-1600.0
22,-1600.0
23,-1600.0
24,-1600.0
25,-1600.0
26,-1600.0
27,-1600.0
28,-1600.0
29,-1600.0
30,-1600.0
31,-1600.0
32,-1600.0
33,-1600.0
34,-1600.0
35,-1600.0
36,-1600.0
37,-1600.0
38,-1600.0
39,-1600.0
40,-1600.0
41,-1600.0
42,-1600.0
43,-1600.0
44,-1600.0
45,-1600.0
46,-1600.0
47,-1600.0
48,-1600.0
49,-1600.0
50,-1600.0
51,-1600.0
52,-1600.0
53,-1600.0
54,-1600.0
55,-1600.0
56,-1600.0
57,-1600.0
58,-1600.0
59,-1600.0
60,-1600.0
61,-1600.0
62,-1600.0
63,-1600.0
64,-1600.0
65,-1600.0
66,-1600.0
67,-1600.0
68,-1600.0
69,-1600.0
70,-1600.0
71,-1600.0
72,-1600.0
73,-1600.0
74,-1600.0
75,-1600.0
76,-1600.0
77,-1600.0
78,-1600.0
79,-1600.0
80,-1600.0
81,-1400.0
82,-1300.0
83,-1500.0
84,-1700.0
85,-1900.0
86,-2100.0
87,-2100.0
88,-2100.0
89,-2100.0
90,-2100.0
91,-2100.0
92,-2100.0
93,-2100.0
94,-2100.0
95,-2100.0
96,-2200.0
97,-2300.0
98,-2300.0
99,-2300.0
100,-2300.0
101,-2300.0
102,-2300.0
103,-2300.0
104,-2300.0
105,-2300.0
106,-2300.0
107,-2300.0
108,-2300.0
109,-2100.0
110,-2000.0
111,-1900.0
112,-1900.0
113,-1800.0
114,-1800.0
115,-1800.0
116,-1800.0
117,-1800.0
118,-1800.0
119,-1800.0
120,-1800.0
121,-1800.0
122,-1800.0
123,-1800.0
124,-1800.0
125,-1800.0
126,-1800.0
127,-1800.0
128,-1800.0
129,-1800.0
130,-1800.0
131,-1800.0
132,-1800.0
133,-1800.0
134,-1800.0
135,-1800.0
136,-1800.0
137,-1800.0
138,-1800.0
139,-1800.0
140,-1800.0
141,-1800.0
142,-1800.0
143,-1800.0
144,-1800.0
145,-1800.0
146,-1800.0
147,-1800.0
148,-1800.0
149,-1800.0
150,-1800.0
151,-1800.0
152,-1800.0
153,-1800.0
154,-1800.0
155,-1800.0
156,-1800.0
157,-1800.0
158,-1800.0
159,-1800.0
160,-1800.0
161,-1800.0
162,-1800.0
163,-1800.0
164,-1800.0
165,-1800.0
166,-1800.0
167,-1800.0
168,-1800.0
169,-1800.0
170,-1800.0
171,-1800.0
172,-1800.0
173,-1800.0
174,-1800.0
175,-1800.0
176,-1800.0
177,-1800.0
178,-1800.0
179,-1800.0
180,-1800.0
181,-1800.0
182,-1800.0
183,-1800.0
184,-1800.0
186,-1800.0
186,-1800.0
187,-1800.0
188,-1800.0
189,-1800.0
190,-1800.0
191,-1800.0
192,-1800.0
193,-1800.0
194,-1800.0
195,-1800.0
196,-1800.0
197,-1800.0
198,-1800.0
199,-1800.0
200,-1800.0
201,-1800.0
202,-1800.0
203,-1800.0
204,-1800.0
205,-1800.0
206,-1800.0
207,-1800.0
208,-1800.0
209,-1800.0
210,-1800.0
211,-1800.0
212,-1800.0
213,-1800.0
214,-1800.0
215,-1800.0
216,-1800.0
217,-1800.0
218,-1800.0
219,-1800.0
220,-1800.0
221,-1800.0
222,-1800.0
223,-1800.0
224,-1800.0
225,-1800.0
226,-1800.0
227,-1800.0
228,-1800.0
229,-1800.0
230,-1800.0
231,-1800.0
232,-1800.0
233,-1800.0
234,-1800.0
235,-1800.0
236,-1800.0
237,-1800.0
238,-1800.0
239,-1800.0
240,-1800.0
241,-1800.0
242,-1800.0
243,-1800.0
244,-1800.0
245,-1800.0
246,-1800.0
247,-1800.0
248,-1800.0
249,-1800.0
250,-1800.0
251,-1800.0
252,-1800.0
253,-1800.0
254,-1800.0
255,-1800.0
256,-1800.0
257,-1800.0
258,-1800.0
259,-1800.0
260,-1800.0
261,-1800.0
262,-1800.0
263,-1800.0
264,-1800.0
265,-1800.0
266,-1800.0
267,-1800.0
268,-1800.0
269,-1800.0
270,-1800.0
271,-1800.0
272,-1800.0
273,-1800.0
274,-1800.0
275,-1800.0
276,-1800.0
277,-1800.0
278,-1800.0
279,-1800.0
280,-1800.0
281,-1800.0
282,-1800.0
283,-1800.0
284,-1800.0
285,-1800.0
286,-1800.0
287,-1800.0
288,-1800.0
289,-1800.0
290,-1800.0
291,-1800.0
292,-1800.0
293,-1800.0
294,-1800.0
295,-1800.0
296,-1800.0
297,-1800.0
298,-1800.0
299,-1800.0
300,-1800.0
301,-1800.0
302,-1800.0
303,-1800.0
304,-1800.0
305,-1800.0
306,-1800.0
307,-1800.0
308,-1800.0
309,-1800.0
310,-1800.0
311,-1800.0
312,-1800.0
313,-1800.0
314,-1800.0
315,-1800.0
316,-1800.0
317,-1800.0
318,-1800.0
319,-1800.0
320,-1800.0
321,-1800.0
322,-1800.0
323,-1800.0
324,-1800.0
325,-1800.0
326,-1800.0
327,-1800.0
328,-1800.0
329,-1800.0
330,-1800.0
331,-1800.0
332,-1800.0
333,-1800.0
334,-1800.0
335,-1800.0
336,-1800.0
337,-1800.0
338,-1800.0
339,-1800.0
340,-1800.0
341,-1800.0
342,-1800.0
343,-1800.0
344,-1800.0
345,-1800.0
346,-1800.0
347,-1800.0
348,-1800.0
349,-1800.0
350,-1800.0
351,-1800.0
352,-1800.0
353,-1800.0
354,-1800.0
355,-1800.0
356,-1800.0
357,-1800.0
358,-1800.0
359,-1800.0
360,-1800.0
361,-1800.0
362,-1800.0
363,-1800.0
364,-1800.0
365,-1800.0
366,-1800.0
367,-1800.0
368,-1800.0
369,-1800.0
370,-1800.0
371,-1800.0
372,-1800.0
373,-1800.0
374,-1800.0
375,-1800.0
376,-1800.0
377,-1800.0
378,-1800.0
379,-1800.0
380,-1800.0
381,-1800.0
382,-1800.0
383,-1800.0
384,-1800.0
385,-1800.0
386,-1800.0
387,-1800.0
388,-1800.0
389,-1800.0
390,-1800.0
391,-1800.0
392,-1800.0
393,-1800.0
394,-1800.0
395,-1800.0
396,-1800.0
397,-1800.0
398,-1800.0
399,-1800.0
400,-1800.0
401,-1800.0
402,-1800.0
403,-1800.0
404,-1800.0
405,-1800.0
406,-1800.0
407,-1800.0
408,-1800.0
409,-1800.0
410,-1800.0
411,-1800.0
412,-1800.0
413,-1800.0
414,-1800.0
415,-1800.0
416,-1800.0
417,-1800.0
418,-1800.0
419,-1800.0
420,-1800.0
421,-1800.0
422,-1800.0
423,-1800.0
424,-1800.0
425,-1800.0
426,-1800.0
427,-1800.0
428,-1800.0
429,-1800.0
430,-1800.0
431,-1800.0
432,-1800.0
433,-1800.0
434,-1800.0
435,-1800.0
436,-1800.0
437,-1800.0
438,-1800.0
439,-1800.0
440,-1800.0
441,-1800.0
442,-1800.0
443,-1800.0
444,-1800.0
445,-1800.0
446,-1800.0
447,-1800.0
448,-1800.0
449,-1800.0
450,-1800.0
451,-1800.0
452,-1800.0
453,-1800.0
454,-1800.0
455,-1800.0
456,-1800.0
457,-1800.0
458,-1800.0
459,-1800.0
460,-1800.0
461,-1800.0
462,-1800.0
463,-1800.0
464,-1800.0
465,-1800.0
466,-1800.0
467,-1800.0
468,-1800.0
469,-1800.0
470,-1800.0
471,-1800.0
472,-1800.0
473,-1800.0
474,-1800.0
475,-1800.0
476,-1800.0
477,-1800.0
478,-1800.0
479,-1800.0
480,-1800.0
481,-1800.0
482,-1800.0
483,-1800.0
484,-1800.0
485,-1800.0
486,-1800.0
487,-1800.0
488,-1800.0
489,-1800.0
490,-1800.0
491,-1800.0
492,-1800.0
493,-1800.0
494,-1800.0
495,-1800.0
496,-1800.0
497,-1800.0
498,-1800.0
499,-1800.0
500,-1800.0
501,-1800.0
502,-1800.0
503,-1800.0
504,-1800.0
505,-1800.0
506,-1800.0
507,-1800.0
508,-1800.0
509,-1800.0
510,-1800.0
511,-1800.0
512,-1800.0
513,-1800.0
514,-1800.0
515,-1800.0
516,-1800.0
517,-1800.0
518,-1800.0
519,-1800.0
520,-1800.0
521,-1800.0
522,-1800.0
523,-1800.0
524,-1800.0
525,-1800.0
526,-1800.0
527,-1800.0
528,-1800.0
529,-1800.0
530,-1800.0
531,-1800.0
532,-1800.0
533,-1800.0
534,-1800.0
535,-1800.0
536,-1800.0
537,-1800.0
538,-1800.0
539,-1800.0
540,-1800.0
541,-1800.0
542,-1800.0
543,-1800.0
544,-1800.0
545,-1800.0
546,-1800.0
547,-1800.0
548,-1800.0
549,-1800.0
550,-1800.0
551,-1800.0
552,-1800.0
553,-1800.0
554,-1800.0
555,-1800.0
556,-1800.0
557,-1800.0
558,-1800.0
559,-1800.0
560,-1800.0
561,-1800.0
562,-1800.0
563,-1800.0
564,-1800.0
565,-1800.0
566,-1800.0
567,-1800.0
568,-1800.0
569,-1800.0
570,-1800.0
571,-1800.0
572,-1800.0
573,-1800.0
574,-1800.0
575,-1800.0
576,-1800.0
577,-1800.0
578,-1800.0
579,-1800.0
580,-1800.0
581,-1800.0
582,-1800.0
583,-1800.0
584,-1800.0
585,-1800.0
586,-1800.0
587,-1800.0
588,-1800.0
589,-1800.0
590,-1800.0
591,-1800.0
592,-1800.0
593,-1800.0
594,-1800.0
595,-1800.0
596,-1800.0
597,-1800.0
598,-1800.0
599,-1800.0
600,-1800.0
601,-1800.0
602,-1800.0
603,-1800.0
604,-1800.0
605,-1800.0
606,-1800.0
607,-1800.0
608,-1800.0
609,-1800.0
610,-1800.0
611,-1800.0
612,-1800.0
613,-1800.0
614,-1800.0
615,-1800.0
616,-1800.0
617,-1800.0
618,-1800.0
619,-1800.0
620,-1800.0
621,-1800.0
622,-1800.0
623,-1800.0
624,-1800.0
625,-1800.0
626,-1800.0
627,-1800.0
628,-1800.0
629,-1800.0
630,-1800.0
631,-1800.0
632,-1800.0
633,-1800.0
634,-1800.0
635,-1800.0
636,-1800.0
637,-1800.0
638,-1800.0
639,-1800.0
640,-1800.0
641,-1800.0
642,-1800.0
643,-1800.0
644,-1800.0
645,-1800.0
646,-1800.0
647,-1800.0
648,-1800.0
649,-1800.0
650,-1800.0
651,-1800.0
652,-1800.0
653,-1800.0
654,-1800.0
655,-1800.0
656,-1800.0
657,-1800.0
658,-1800.0
659,-1800.0
660,-1800.0
661,-1800.0
662,-1800.0
663,-1800.0
664,-1800.0
665,-1800.0
666,-1800.0
667,-1800.0
668,-1800.0
669,-1800.0
670,-1800.0
671,-1800.0
672,-1800.0
673,-1800.0
674,-1800.0
675,-1800.0
676,-1800.0
677,-1800.0
678,-1800.0
679,-1800.0
680,-1800.0
681,-1800.0
682,-1800.0
683,-1800.0
684,-1800.0
685,-1800.0
686,-1800.0
687,-1800.0
688,-1800.0
689,-1800.0
690,-1800.0
691,-1800.0
692,-1800.0
693,-1800.0
694,-1800.0
695,-1800.0
696,-1800.0
697,-1800.0
698,-1800.0
699,-1800.0
700,-1800.0
701,-1800.0
702,-1800.0
703,-1800.0
704,-1800.0
705,-1800.0
706,-1800.0
707,-1800.0
708,-1800.0
709,-1800.0
710,-1800.0
711,-1800.0
712,-1800.0
713,-1800.0
714,-1800.0
715,-1800.0
716,-1800.0
717,-1800.0
718,-1800.0
719,-1800.0
720,-1800.0
721,-1800.0
722,-1800.0
723,-1800.0
724,-1800.0
725,-1800.0
726,-1800.0
727,-1800.0
728,-1800.0
729,-1800.0
730,-1800.0
731,-1800.0
732,-1800.0
733,-1800.0
734,-1800.0
735,-1800.0
736,-1800.0
737,-1800.0
738,-1800.0
739,-1800.0
740,-1800.0
741,-1800.0
742,-1800.0
743,-1800.0
744,-1800.0
745,-1800.0
746,-1800.0
747,-1800.0
748,-1800.0
749,-1800.0
750,-1800.0
751,-1800.0
752,-1800.0
753,-1800.0
754,-1800.0
755,-1800.0
756,-1800.0
757,-1800.0
758,-1800.0
759,-1800.0
760,-1800.0
761,-1800.0
762,-1800.0
763,-1800.0
764,-1800.0
765,-1800.0
766,-1800.0
767,-1800.0
768,-1800.0
769,-1800.0
770,-1800.0
771,-1800.0
772,-1800.0
773,-1800.0
774,-1800.0
775,-1800.0
776,-1800.0
777,-1800.0
778,-1800.0
779,-1800.0
780,-1800.0
781,-1800.0
782,-1800.0
783,-1800.0
784,-1800.0
785,-1800.0
786,-1800.0
787,-1800.0
788,-1800.0
789,-1800.0
790,-1800.0
791,-1800.0
792,-1800.0
793,-1800.0
794,-1800.0
795,-1800.0
796,-1800.0
797,-1800.0
798,-1800.0
799,-1800.0
800,-1800.0
801,-1800.0
802,-1800.0
803,-1800.0
804,-1800.0
805,-1800.0
806,-1800.0
807,-1800.0
808,-1800.0
809,-1800.0
810,-1800.0
811,-1800.0
812,-1800.0
813,-1800.0
814,-1800.0
815,-1800.0
816,-1800.0
817,-1800.0
818,-1800.0
819,-1800.0
820,-1800.0
821,-1800.0
822,-1800.0
823,-1800.0
824,-1800.0
825,-1800.0
826,-1800.0
827,-1800.0
828,-1800.0
829,-1800.0
830,-1800.0
831,-1800.0
832,-1800.0
833,-1800.0
834,-1800.0
835,-1800.0
836,-1800.0
837,-1800.0
838,-1800.0
839,-1800.0
840,-1800.0
841,-1800.0
842,-1800.0
843,-1800.0
844,-1800.0
845,-1800.0
846,-1800.0
847,-1800.0
848,-1800.0
849,-1800.0
850,-1800.0
851,-1800.0
852,-1800.0
853,-1800.0
854,-1800.0
855,-1800.0
856,-1800.0
857,-1800.0
858,-1800.0
859,-1800.0
860,-1800.0
861,-1800.0
862,-1800.0
863,-1800.0
864,-1800.0
865,-1800.0
866,-1800.0
867,-1800.0
868,-1800.0
869,-1800.0
870,-1800.0
871,-1800.0
872,-1800.0
873,-1800.0
874,-1800.0
875,-1800.0
876,-1800.0
877,-1800.0
878,-1800.0
879,-1800.0
880,-1800.0
881,-1800.0
882,-1800.0
883,-1800.0
884,-1800.0
885,-1800.0
886,-1800.0
887,-1800.0
888,-1800.0
889,-1800.0
890,-1800.0
891,-1800.0
892,-1800.0
893,-1800.0
894,-1800.0
895,-1800.0
896,-1800.0
897,-1800.0
898,-1800.0
899,-1800.0
900,-1800.0
901,-1800.0
902,-1800.0
903,-1800.0
904,-1800.0
905,-1800.0
906,-1800.0
907,-1800.0
908,-1800.0
909,-1800.0
910,-1800.0
911,-1800.0
912,-1800.0
913,-1800.0
914,-1800.0
915,-1800.0
916,-1800.0
917,-1800.0
918,-1800.0
919,-1800.0
920,-1800.0
921,-1800.0
922,-1800.0
923,-1800.0
924,-1800.0
925,-1800.0
926,-1800.0
927,-1800.0
928,-1800.0
929,-1800.0
930,-1800.0
931,-1800.0
932,-1800.0
933,-1800.0
934,-1800.0
935,-1800.0
936,-1800.0
937,-1800.0
938,-1800.0
939,-1800.0
940,-1800.0
941,-1800.0
942,-1800.0
943,-1800.0
944,-1800.0
945,-1800.0
946,-1800.0
947,-1800.0
948,-1800.0
949,-1800.0
950,-1800.0
951,-1800.0
952,-1800.0
953,-1800.0
954,-1800.0
955,-1800.0
956,-1800.0
957,-1800.0
958,-1800.0
959,-1800.0
960,-1800.0
961,-1800.0
962,-1800.0
963,-1800.0
964,-1800.0
965,-1800.0
966,-1800.0
967,-1800.0
968,-1800.0
969,-1800.0
970,-1800.0
971,-1800.0
972,-1800.0
973,-1800.0
974,-1800.0
975,-1800.0
976,-1800.0
977,-1800.0
978,-1800.0
979,-1800.0
980,-1800.0
981,-1800.0
982,-1800.0
983,-1800.0
984,-1800.0
985,-1800.0
986,-1800.0
987,-1800.0
988,-1800.0
989,-1800.0
990,-1800.0
991,-1800.0
992,-1800.0
993,-1800.0
994,-1800.0
995,-1800.0
996,-1800.0
997,-1800.0
998,-1800.0
999,-1800.0
1000,-1800.0
1001,-1800.0
1002,-1800.0
1003,-1800.0
1004,-1800.0
1005,-1800.0
1006,-1800.0
1007,-1800.0
1008,-1800.0
1009,-1800.0
1010,-1800.0
1011,-1800.0
1012,-1800.0
1013,-1800.0
1014,-1800.0
1015,-1800.0
1016,-1800.0
1017,-1800.0
1018,-1800.0
1019,-1800.0
1020,-1800.0
1021,-1800.0
1022,-1800.0
1023,-1800.0
1024,-1800.0
1025,-1800.0
1026,-1800.0
1027,-1800.0
1028,-1800.0
1029,-1800.0
1030,-1800.0
1031,-1800.0
1032,-1800.0
1033,-1800.0
1034,-1800.0
1035,-1800.0
1036,-1800.0
1037,-1800.0
1038,-1800.0
1039,-1800.0
1040,-1800.0
1041,-1800.0
1042,-1800.0
1043,-1800.0
1044,-1800.0
1045,-1800.0
1046,-1800.0
1047,-1800.0
1048,-1800.0
1049,-1800.0
1050,-1800.0
1051,-1800.0
1052,-1800.0
1053,-1800.0
1054,-1800.0
1055,-1800.0
1056,-1800.0
1057,-1800.0
1058,-1800.0
1059,-1800.0
1060,-1800.0
1061,-1800.0
1062,-1800.0
1063,-1800.0
1064,-1800.0
1065,-1800.0
1066,-1800.0
1067,-1800.0
1068,-1800.0
1069,-1800.0
1070,-1800.0
1071,-1800.0
1072,-1800.0
1073,-1800.0
1074,-1800.0
1075,-1800.0
1076,-1800.0
1077,-1800.0
1078,-1800.0
1079,-1800.0
1080,-1800.0
1081,-1800.0
1082,-1800.0
1083,-1800.0
1084,-1800.0
1085,-1800.0
1086,-1800.0
1087,-1800.0
1088,-1800.0
1089,-1800.0
1090,-1800.0
1091,-1800.0
1092,-1800.0
1093,-1800.0
1094,-1800.0
1095,-1800.0
1096,-1800.0
1097,-1800.0
1098,-1800.0
1099,-1800.0
1100,-1800.0
1101,-1800.0
1102,-1800.0
1103,-1800.0
1104,-1800.0
1105,-1800.0
1106,-1800.0
1107,-1800.0
1108,-1800.0
1109,-1800.0
1110,-1800.0
1111,-1800.0
1112,-1800.0
1113,-1800.0
1114,-1800.0
1115,-1800.0
1116,-1800.0
1117,-1800.0
1118,-1800.0
1119,-1800.0
1120,-1800.0
1121,-1800.0
1122,-1800.0
1123,-1800.0
1124,-1800.0
1125,-1800.0
1126,-1800.0
1127,-1800.0
1128,-1800.0
1129,-1800.0
1130,-1800.0
1131,-1800.0
1132,-1800.0
1133,-1800.0
1134,-1800.0
1135,-1800.0
1136,-1800.0
1137,-1800.0
1138,-1800.0
1139,-1800.0
1140,-1800.0
1141,-1800.0
1142,-1800.0
1143,-1800.0
1144,-1800.0
1145,-1800.0
1146,-1800.0
1147,-1800.0
1148,-1800.0
1149,-1800.0
1150,-1800.0
1151,-1800.0
1152,-1800.0
1153,-1800.0
1154,-1800.0
1155,-1800.0
1156,-1800.0
1157,-1800.0
1158,-1800.0
1159,-1800.0
1160,-1800.0
1161,-1800.0
1162,-1800.0
1163,-1800.0
1164,-1800.0
1165,-1800.0
1166,-1800.0
1167,-1800.0
1168,-1800.0
1169,-1800.0
1170,-1800.0
1171,-1800.0
1172,-1800.0
1173,-1800.0
1174,-1800.0
1175,-1800.0
1176,-1800.0
1177,-1800.0
1178,-1800.0
1179,-1800.0
1180,-1800.0
1181,-1800.0
1182,-1800.0
1183,-1800.0
1184,-1800.0
1185,-1800.0
1186,-1800.0
1187,-1800.0
1188,-1800.0
1189,-1800.0
1190,-1800.0
1191,-1800.0
1192,-1800.0
1193,-1800.0
1194,-1800.0
1195,-1800.0
1196,-1800.0
1197,-1800.0
1198,-1800.0
1199,-1800.0
1200,-1800.0
1201,-1800.0
1202,-1800.0
1203,-1800.0
1204,-1800.0
1205,-1800.0
1206,-1800.0
1207,-1800.0
1208,-1800.0
1209,-1800.0
1210,-1800.0
1211,-1800.0
1212,-1800.0
1213,-1800.0
1214,-1800.0
1215,-1800.0
1216,-1800.0
1217,-1800.0
1218,-1800.0
1219,-1800.0
1220,-1800.0
1221,-1800.0
1222,-1800.0
1223,-1800.0
1224,-1800.0
1225,-1800.0
1226,-1800.0
1227,-1800.0
1228,-1800.0
1229,-1800.0
1230,-1800.0
1231,-1800.0
1232,-1800.0
1233,-1800.0
1234,-1800.0
1235,-1800.0
1236,-1800.0
1237,-1800.0
1238,-1800.0
1239,-1800.0
1240,-1800.0
1241,-1800.0
1242,-1800.0
1243,-1800.0
1244,-1800.0
1245,-1800.0
1246,-1800.0
1247,-1800.0
1248,-1800.0
1249,-1800.0
1250,-1800.0
1251,-1800.0
1252,-1800.0
1253,-1800.0
1254,-1800.0
1255,-1800.0
1256,-1800.0
1257,-1800.0
1258,-1800.0
1259,-1800.0
1260,-1800.0
1261,-1800.0
1262,-1800.0
1263,-1800.0
1264,-1800.0
1265,-1800.0
1266,-1800.0
1267,-1800.0
1268,-1800.0
1269,-1800.0
1270,-1800.0
1271,-1800.0
1272,-1800.0
1273,-1800.0
1274,-1800.0
1275,-1800.0
1276,-1800.0
1277,-1800.0
1278,-1800.0
1279,-1800.0
1280,-1800.0
1281,-1800.0
1282,-1800.0
1283,-1800.0
1284,-1800.0
1285,-1800.0
1286,-1800.0
1287,-1800.0
1288,-1800.0
1289,-1800.0
1290,-1800.0
1291,-1800.0
1292,-1800.0
1293,-1800.0
1294,-1800.0
1295,-1800.0
1296,-1800.0
1297,-1800.0
1298,-1800.0
1299,-1800.0
1300,-1800.0
1301,-1800.0
1302,-1800.0
1303,-1800.0
1304,-1800.0
1305,-1800.0
1306,-1800.0
1307,-1800.0
1308,-1800.0
1309,-1800.0
1310,-1800.0
1311,-1800.0
1312,-1800.0
1313,-1800.0
1314,-1800.0
1315,-1800.0
1316,-1800.0
1317,-1800.0
1318,-1800.0
1319,-1800.0
1320,-1800.0
1321,-1800.0
1322,-1800.0
1323,-1800.0
1324,-1800.0
1325,-1800.0
1326,-1800.0
1327,-1800.0
1328,-1800.0
1329,-1800.0
1330,-1800.0
1331,-1800.0
1332,-1800.0
1333,-1800.0
1334,-1800.0
1335,-1800.0
1336,-1800.0
1337,-1800.0
1338,-1800.0
1339,-1800.0
1340,-1800.0
1341,-1800.0
1342,-1800.0
1343,-1800.0
1344,-1800.0
1345,-1800.0
1346,-1800.0
1347,-1800.0
1348,-1800.0
1349,-1800.0
1350,-1800.0
1351,-1800.0
1352,-1800.0
1353,-1800.0
1354,-1800.0
1355,-1800.0
1356,-1800.0
1357,-1800.0
1358,-1800.0
1359,-1800.0
1360,-1800.0
1361,-1800.0
1362,-1800.0
1363,-1800.0
1364,-1800.0
1365,-1800.0
1366,-1800.0
1367,-1800.0
1368,-1800.0
1369,-1800.0
1370,-1800.0
1371,-1800.0
1372,-1800.0
1373,-1800.0
1374,-1800.0
1375,-1800.0
1376,-1800.0
1377,-1800.0
1378,-1800.0
1379,-1800.0
1380,-1800.0
1381,-1800.0
1382,-1800.0
1383,-1800.0
1384,-1800.0
1385,-1800.0
1386,-1800.0
1387,-1800.0
1388,-1800.0
1389,-1800.0
1390,-1800.0
1391,-1800.0
1392,-1800.0
1393,-1800.0
1394,-1800.0
1395,-1800.0
1396,-1800.0
1397,-1800.0
1398,-1800.0
1399,-1800.0
1400,-1800.0
1401,-1800.0
1402,-1800.0
1403,-1800.0
1404,-1800.0
1405,-1800.0
1406,-1800.0
1407,-1800.0
1408,-1800.0
1409,-1800.0
1410,-1800.0
1411,-1800.0
1412,-1800.0
1413,-1800.0
1414,-1800.0
1415,-1800.0
1416,-1800.0
1417,-1800.0
1418,-1800.0
1419,-1800.0
1420,-1800.0
1421,-1800.0
1422,-1800.0
1423,-1800.0
1424,-1800.0
1425,-1800.0
1426,-1800.0
1427,-1800.0
1428,-1800.0
1429,-1800.0
1430,-1800.0
1431,-1800.0
1432,-1800.0
1433,-1800.0
1434,-1800.0
1435,-1800.0
1436,-1800.0
1437,-1800.0
1438,-1800.0
1439,-1800.0
1440,-1800.0
1441,-1800.0
1442,-1800.0
1443,-1800.0
1444,-1800.0
1445,-1800.0
1446,-1800.0
1447,-1800.0
1448,-1800.0
1449,-1800.0
1450,-1800.0
1451,-1800.0
1452,-1800.0
1453,-1800.0
1454,-1800.0
1455,-1800.0
1456,-1800.0
1457,-1800.0
1458,-1800.0
1459,-1800.0
1460,-1800.0
1461,-1800.0
1462,-1800.0
1463,-1800.0
1464,-1800.0
1465,-1800.0
1466,-1800.0
1467,-1800.0
1468,-1800.0
1469,-1800.0
1470,-1800.0
1471,-1800.0
1472,-1800.0
1473,-1800.0
1474,-1800.0
1475,-1800.0
1476,-1800.0
1477,-1800.0
1478,-1800.0
1479,-1800.0
1480,-1800.0
1481,-1800.0
1482,-1800.0
1483,-1800.0
1484,-1800.0
1485,-1800.0
1486,-1800.0
1487,-1800.0
1488,-1800.0
1489,-1800.0
1490,-1800.0
1491,-1800.0
1492,-1800.0
1493,-1800.0
1494,-1800.0
1495,-1800.0
1496,-1800.0
1497,-1800.0
1498,-1800.0
1499,-1800.0
1500,-1800.0
1501,-1800.0
1502,-1800.0
1503,-1800.0
1504,-1800.0
1505,-1800.0
1506,-1800.0
1507,-1800.0
1508,-1800.0
1509,-1800.0
1510,-1800.0
1511,-1800.0
1512,-1800.0
1513,-1800.0
1514,-1800.0
1515,-1800.0
1516,-1800.0
1517,-1800.0
1518,-1800.0
1519,-1800.0
1520,-1800.0
1521,-1800.0
1522,-1800.0
1523,-1800.0
1524,-1800.0
1525,-1800.0
1526,-1800.0
1527,-1800.0
1528,-1800.0
1529,-1800.0
1530,-1800.0
1531,-1800.0
1532,-1800.0
1533,-1800.0
1534,-1800.0
1535,-1800.0
1536,-1800.0
1537,-1800.0
1538,-1800.0
1539,-1800.0
1540,-1800.0
1541,-1800.0
1542,-1800.0
1543,-1800.0
1544,-1800.0
1545,-1800.0
1546,-1800.0
1547,-1800.0
1548,-1800.0
1549,-1800.0
1550,-1800.0
1551,-1800.0
1552,-1800.0
1553,-1800.0
1554,-1800.0
1555,-1800.0
1556,-1800.0
1557,-1800.0
1558,-1800.0
1559,-1800.0
1560,-1800.0
1561,-1800.0
1562,-1800.0
1563,-1800.0
1564,-1800.0
1565,-1800.0
1566,-1800.0
1567,-1800.0
1568,-1800.0
1569,-1800.0
1570,-1800.0
1571,-1800.0
1572,-1800.0
1573,-1800.0
1574,-1800.0
1575,-1800.0
1576,-1800.0
1577,-1800.0
1578,-1800.0
1579,-1800.0
1580,-1800.0
1581,-1800.0
1582,-1800.0
1583,-1800.0
1584,-1800.0
1585,-1800.0
1586,-1800.0
1587,-1800.0
1588,-1800.0
1589,-1800.0
1590,-1800.0
1591,-1800.0
1592,-1800.0
1593,-1800.0
1594,-1800.0
1595,-1800.0
1596,-1800.0
1597,-1800.0
1598,-1800.0
1599,-1800.0
1600,-1800.0
1601,-1800.0
1602,-1800.0
1603,-1800.0
1604,-1800.0
1605,-1800.0
1606,-1800.0
1607,-1800.0
1608,-1800.0
1609,-1800.0
1610,-1800.0
1611,-1800.0
1612,-1800.0
1613,-1800.0
1614,-1800.0
1615,-1800.0
1616,-1800.0
1617,-1800.0
1618,-1800.0
1619,-1800.0
1620,-1800.0
1621,-1800.0
1622,-1800.0
1623,-1800.0
1624,-1800.0
1625,-1800.0
1626,-1800.0
1627,-1800.0
1628,-1800.0
1629,-1800.0
1630,-1800.0
1631,-1800.0
1632,-1800.0
1633,-1800.0
1634,-1800.0
1635,-1800.0
1636,-1800.0
1637,-1800.0
1638,-1800.0
1639,-1800.0
1640,-1800.0
1641,-1800.0
1642,-1800.0
1643,-1800.0
1644,-1800.0
1645,-1800.0
1646,-1800.0
1647,-1800.0
1648,-1800.0
1649,-1800.0
1650,-1800.0
1651,-1800.0
1652,-1800.0
1653,-1800.0
1654,-1800.0
1655,-1800.0
1656,-1800.0
1657,-1800.0
1658,-1800.0
1659,-1800.0
1660,-1800.0
1661,-1800.0
1662,-1800.0
1663,-1800.0
1664,-1800.0
1665,-1800.0
1666,-1800.0
1667,-1800.0
1668,-1800.0
1669,-1800.0
1670,-1800.0
1671,-1800.0
1672,-1800.0
1673,-1800.0
1674,-1800.0
1675,-1800.0
1676,-1800.0
1677,-1800.0
1678,-1800.0
1679,-1800.0
1680,-1800.0
1681,-1800.0
1682,-1800.0
1683,-1800.0
1684,-1800.0
1685,-1800.0
1686,-1800.0
1687,-1800.0
1688,-1800.0
1689,-1800.0
1690,-1800.0
1691,-1800.0
1692,-1800.0
1693,-1800.0
1694,-1800.0
1695,-1800.0
1696,-1800.0
1697,-1800.0
1698,-1800.0
1699,-1800.0
1700,-1800.0
1701,-1800.0
1702,-1800.0
1703,-1800.0
1704,-1800.0
1705,-1800.0
1706,-1800.0
1707,-1800.0
1708,-1800.0
1709,-1800.0
1710,-1800.0
1711,-1800.0
1712,-1800.0
1713,-1800.0
1714,-1800.0
1715,-1800.0
1716,-1800.0
1717,-1800.0
1718,-1800.0
1719,-1800.0
1720,-1800.0
1721,-1800.0
1722,-1800.0
1723,-1800.0
1724,-1800.0
1725,-1800.0
1726,-1800.0
1727,-1800.0
1728,-1800.0
1729,-1800.0
1730,-1800.0
1731,-1800.0
1732,-1800.0
1733,-1800.0
1734,-1800.0
1735,-1800.0
1736,-1800.0
1737,-1800.0
1738,-1800.0
1739,-1800.0
1740,-1800.0
1741,-1800.0
1742,-1800.0
1743,-1800.0
1744,-1800.0
1745,-1800.0
1746,-1800.0
1747,-1800.0
1748,-1800.0
1749,-1800.0
1750,-1800.0
1751,-1800.0
1752,-1800.0
1753,-1800.0
1754,-1800.0
1755,-1800.0
1756,-1800.0
1757,-1800.0
1758,-1800.0
1759,-1800.0
1760,-1800.0
1761,-1800.0
1762,-1800.0
1763,-1800.0
1764,-1800.0
1765,-1800.0
1766,-1800.0
1767,-1800.0
1768,-1800.0
1769,-1800.0
1770,-1800.0
1771,-1800.0
1772,-1800.0
1773,-1800.0
1774,-1800.0
1775,-1800.0
1776,-1800.0
1777,-1800.0
1778,-1800.0
1779,-1800.0
1780,-1800.0
1781,-1800.0
1782,-1800.0
1783,-1800.0
1784,-1800.0
1785,-1800.0
1786,-1800.0
1787,-1800.0
1788,-1800.0
1789,-1800.0
1790,-1800.0
1791,-1800.0
1792,-1800.0
1793,-1800.0
1794,-1800.0
1795,-1800.0
1796,-1800.0
1797,-1800.0
1798,-1800.0
1799,-1800.0
1800,-1800.0
1801,-1800.0
1802,-1800.0
1803,-1800.0
1804,-1800.0
1805,-1800.0
1806,-1800.0
1807,-1800.0
1808,-1800.0
1809,-1800.0
1810,-1800.0
1811,-1800.0
1812,-1800.0
1813,-1800.0
1814,-1800.0
1815,-1800.0
1816,-1800.0
1817,-1800.0
1818,-1800.0
1819,-1800.0
1820,-1800.0
1821,-1800.0
1822,-1800.0
1823,-1800.0
1824,-1800.0
1825,-1800.0
1826,-1800.0
1827,-1800.0
1828,-1800.0
1829,-1800.0
1830,-1800.0
1831,-1800.0
1832,-1800.0
1833,-1800.0
1834,-1800.0
1835,-1800.0
1836,-1800.0
1837,-1800.0
1838,-1800.0
1839,-1800.0
1840,-1800.0
1841,-1800.0
1842,-1800.0
1843,-1800.0
1844,-1800.0
1845,-1800.0
1846,-1800.0
1847,-1800.0
1848,-1800.0
1849,-1800.0
1850,-1800.0
1851,-1800.0
1852,-1800.0
1853,-1800.0
1854,-1800.0
1855,-1800.0
1856,-1800.0
1857,-1800.0
1858,-1800.0
1859,-1800.0
1860,-1800.0
1861,-1800.0
1862,-1800.0
1863,-1800.0
1864,-1800.0
1865,-1800.0
1866,-1800.0
1867,-1800.0
1868,-1800.0
1869,-1800.0
1870,-1800.0
1871,-1800.0
1872,-1800.0
1873,-1800.0
1874,-1800.0
1875,-1800.0
1876,-1800.0
1877,-1800.0
1878,-1800.0
1879,-1800.0
1880,-1800.0
1881,-1800.0
1882,-1800.0
1883,-1800.0
1884,-1800.0
1885,-1800.0
1886,-1800.0
1887,-1800.0
1888,-1800.0
1889,-1800.0
1890,-1800.0
1891,-1800.0
1892,-1800.0
1893,-1800.0
1894,-1800.0
1895,-1800.0
1896,-1800.0
1897,-1800.0
1898,-1800.0
1899,-1800.0
1900,-1800.0
1901,-1800.0
1902,-1800.0
1903,-1800.0
1904,-1800.0
1905,-1800.0
1906,-1800.0
1907,-1800.0
1908,-1800.0
1909,-1800.0
1910,-1800.0
1911,-1800.0
1912,-1800.0
1913,-1800.0
1914,-1800.0
1915,-1800.0
1916,-1800.0
1917,-1800.0
1918,-1800.0
1919,-1800.0
1920,-1800.0
1921,-1800.0
1922,-1800.0
1923,-1800.0
1924,-1800.0
1925,-1800.0
1926,-1800.0
1927,-1800.0
1928,-1800.0
1929,-1800.0
1930,-1800.0
1931,-1800.0
1932,-1800.0
1933,-1800.0
1934,-1800.0
1935,-1800.0
1936,-1800.0
1937,-1800.0
1938,-1800.0
1939,-1800.0
1940,-1800.0
1941,-1800.0
1942,-1800.0
1943,-1800.0
1944,-1800.0
1945,-1800.0
1946,-1800.0
1947,-1800.0
1948,-1800.0
1949,-1800.0
1950,-1800.0
1951,-1800.0
1952,-1800.0
1953,-1800.0
1954,-1800.0
1955,-1800.0
1956,-1800.0
1957,-1800.0
1958,-1800.0
1959,-1800.0
1960,-1800.0
1961,-1800.0
1962,-1800.0
1963,-1800.0
1964,-1800.0
1965,-1800.0
1966,-1800.0
1967,-1800.0
1968,-1800.0
1969,-1800.0
1970,-1800.0
1971,-1800.0
1972,-1800.0
1973,-1800.0
1974,-1800.0
1975,-1800.0
1976,-1800.0
1977,-1800.0
1978,-1800.0
1979,-1800.0
1980,-1800.0
1981,-1800.0
1982,-1800.0
1983,-1800.0
1984,-1800.0
1985,-1800.0
1986,-1800.0
1987,-1800.0
1988,-1800.0
1989,-1800.0
1990,-1800.0
1991,-1800.0
1992,-1800.0
1993,-1800.0
1994,-1800.0
1995,-1800.0
1996,-1800.0
1997,-1800.0
1998,-1800.0
1999,-1800.0
2000,-1800.0
2001,-1800.0
2002,-1800.0
2003,-1800.0
2004,-1800.0
2005,-1800.0
2006,-1800.0
2007,-1800.0
2008,-1800.0
2009,-1800.0
2010,-1800.0
2011,-1800.0
2012,-1800.0
2013,-1800.0
2014,-1800.0
2015,-1800.0
2016,-1800.0
2017,-1800.0
2018,-1800.0
2019,-1800.0
2020,-1800.0
2021,-1800.0
2022,-1800.0
2023,-1800.0
2024,-1800.0
2025,-1800.0
2026,-1800.0
2027,-1800.0
2028,-1800.0
2029,-1800.0
2030,-1800.0
2031,-1800.0
2032,-1800.0
2033,-1800.0
2034,-1800.0
2035,-1800.0
2036,-1800.0
2037,-1800.0
2038,-1800.0
2039,-1800.0
2040,-1800.0
2041,-1800.0
2042,-1800.0
2043,-1800.0
2044,-1800.0
2045,-1800.0
2046,-1800.0
2047,-1800.0
2048,-1800.0
2049,-1800.0
2050,-1800.0
2051,-1800.0
2052,-1800.0
2053,-1800.0
2054,-1800.0
2055,-1800.0
2056,-1800.0
2057,-1800.0
2058,-1800.0
2059,-1800.0
2060,-1800.0
2061,-1800.0
2062,-1800.0
2063,-1800.0
2064,-1800.0
2065,-1800.0
2066,-1800.0
2067,-1800.0
2068,-1800.0
2069,-1800.0
2070,-1800.0
2071,-1800.0
2072,-1800.0
2073,-1800.0
2074,-1800.0
2075,-1800.0
2076,-1800.0
2077,-1800.0
2078,-1800.0
2079,-1800.0
2080,-1800.0
2081,-1800.0
2082,-1800.0
2083,-1800.0
2084,-1800.0
2085,-1800.0
2086,-1800.0
2087,-1800.0
2088,-1800.0
2089,-1800.0
2090,-1800.0
2091,-1800.0
2092,-1800.0
2093,-1800.0
2094,-1800.0
2095,-1800.0
2096,-1800.0
2097,-1800.0
2098,-1800.0
2099,-1800.0
2100,-1800.0
2101,-1800.0
2102,-1800.0
2103,-1800.0
2104,-1800.0
2105,-1800.0
2106,-1800.0
2107,-1800.0
2108,-1800.0
2109,-1800.0
2110,-1800.0
2111,-1800.0
2112,-1800.0
2113,-1800.0
2114,-1800.0
2115,-1800.0
2116,-1800.0
2117,-1800.0
2118,-1800.0
2119,-1800.0
2120,-1800.0
2121,-1800.0
2122,-1800.0
2123,-1800.0
2124,-1800.0
2125,-1800.0
2126,-1800.0
2127,-1800.0
2128,-1800.0
2129,-1800.0
2130,-1800.0
2131,-1800.0
2132,-1800.0
2133,-1800.0
2134,-1800.0
2135,-1800.0
2136,-1800.0
2137,-1800.0
2138,-1800.0
2139,-1800.0
2140,-1800.0
2141,-1800.0
2142,-1800.0
2143,-1800.0
2144,-1800.0
2145,-1800.0
2146,-1800.0
2147,-1800.0
2148,-1800.0
2149,-1800.0
2150,-1800.0
2151,-1800.0
2152,-1800.0
2153,-1800.0
2154,-1800.0
2155,-1800.0
2156,-1800.0
2157,-1800.0
2158,-1800.0
2159,-1800.0
2160,-1800.0
2161,-1800.0
2162,-1800.0
2163,-1800.0
2164,-1800.0
2165,-1800.0
2166,-1800.0
2167,-1800.0
2168,-1800.0
2169,-1800.0
2170,-1800.0
2171,-1800.0
2172,-1800.0
2173,-1800.0
2174,-1800.0
2175,-1800.0
2176,-1800.0
2177,-1800.0
2178,-1800.0
2179,-1800.0
2180,-1800.0
2181,-1800.0
2182,-1800.0
2183,-1800.0
2184,-1800.0
2185,-1800.0
2186,-1800.0
2187,-1800.0
2188,-1800.0
2189,-1800.0
2190,-1800.0
2191,-1800.0
2192,-1800.0
2193,-1800.0
2194,-1800.0
2195,-1800.0
2196,-1800.0
2197,-1800.0
2198,-1800.0
2199,-1800.0
2200,-1800.0
2201,-1800.0
2202,-1800.0
2203,-1800.0
2204,-1800.0
2205,-1800.0
2206,-1800.0
2207,-1800.0
2208,-1800.0
2209,-1800.0
2210,-1800.0
2211,-1800.0
2212,-1800.0
2213,-1800.0
2214,-1800.0
2215,-1800.0
2216,-1800.0
2217,-1800.0
2218,-1800.0
2219,-1800.0
2220,-1800.0
2221,-1800.0
2222,-1800.0
2223,-1800.0
2224,-1800.0
2225,-1800.0
2226,-1800.0
2227,-1800.0
2228,-1800.0
2229,-1800.0
2230,-1800.0
2231,-1800.0
2232,-1800.0
2233,-1800.0
2234,-1800.0
2235,-1800.0
2236,-1800.0
2237,-1800.0
2238,-1800.0
2239,-1800.0
2240,-1800.0
2241,-1800.0
2242,-1800.0
2243,-1800.0
2244,-1800.0
2245,-1800.0
2246,-1800.0
2247,-1800.0
2248,-1800.0
2249,-1800.0
2250,-1800.0
2251,-1800.0
2252,-1800.0
2253,-1800.0
2254,-1800.0
2255,-1800.0
2256,-1800.0
2257,-1800.0
2258,-1800.0
2259,-1800.0
2260,-1800.0
2261,-1800.0
2262,-1800.0
2263,-1800.0
2264,-1800.0
2265,-1800.0
2266,-1800.0
2267,-1800.0
2268,-1800.0
2269,-1800.0
2270,-1800.0
2271,-1800.0
2272,-1800.0
2273,-1800.0
2274,-1800.0
2275,-1800.0
2276,-1800.0
2277,-1800.0
2278,-1800.0
2279,-1800.0
2280,-1800.0
2281,-1800.0
2282,-1800.0
2283,-1800.0
2284,-1800.0
2285,-1800.0
2286,-1800.0
2287,-1800.0
2288,-1800.0
2289,-1800.0
2290,-1800.0
2291,-1800.0
2292,-1800.0
2293,-1800.0
2294,-1800.0
2295,-1800.0
2296,-1800.0
2297,-1800.0
2298,-1800.0
2299,-1800.0
2300,-1800.0
2301,-1800.0
2302,-1800.0
2303,-1800.0
2304,-1800.0
2305,-1800.0
2306,-1800.0
2307,-1800.0
2308,-1800.0
2309,-1800.0
2310,-1800.0
2311,-1800.0
2312,-1800.0
2313,-1800.0
2314,-1800.0
2315,-1800.0
2316,-1800.0
2317,-1800.0
2318,-1800.0
2319,-1800.0
2320,-1800.0
2321,-1800.0
2322,-1800.0
2323,-1800.0
2324,-1800.0
2325,-1800.0
2326,-1800.0
2327,-1800.0
2328,-1800.0
2329,-1800.0
2330,-1800.0
2331,-1800.0
2332,-1800.0
2333,-1800.0
2334,-1800.0
2335,-1800.0
2336,-1800.0
2337,-1800.0
2338,-1800.0
2339,-1800.0
2340,-1800.0
2341,-1800.0
2342,-1800.0
2343,-1800.0
2344,-1800.0
2345,-1800.0
2346,-1800.0
2347,-1800.0
2348,-1800.0
2349,-1800.0
