3,-1461.0176
4,-1436.1302
5,-1451.4111
6,-1552.1857
7,-1440.0376
8,-1364.7969
9,-1503.6655
10,-1430.8396
11,-1398.5879
12,-1396.4198
13,-1541.409
14,-1557.2831
15,-1616.2892
16,-1558.7965
17,-1588.3324
18,-1596.9929
19,-1555.6952
20,-1509.7095
21,-1585.7753
22,-1324.9806
23,-1428.0555
24,-1393.726
25,-1413.6584
26,-1645.5325
27,-1666.8022
28,-1605.062
29,-1387.5845
30,-1443.9434
31,-1426.4482
32,-1400.7458
33,-1457.3667
34,-1427.5448
35,-1410.7797
36,-1377.5801
37,-1432.1077
38,-1415.6589
39,-1442.3254
40,-1443.799
41,-1424.7737
42,-1410.8696
43,-1462.4438
44,-1773.6019
45,-2182.8135
46,-2181.0496
47,-2251.0435
48,-2271.2178
49,-2162.5757
50,-2125.3936
51,-2199.603
52,-2250.566
53,-2157.527
54,-2130.9658
55,-2162.9492
56,-2118.8987
57,-2185.4043
58,-2106.2107
59,-2024.3793
60,-2030.1854
61,-2135.3315
62,-2069.7446
63,-1942.7184
64,-1955.6785
65,-1933.6738
66,-2031.3348
67,-2095.6104
68,-2037.2118
69,-2013.4518
70,-2140.842
71,-2054.1143
72,-2144.2527
73,-2056.6277
74,-2090.2275
75,-2111.734
76,-2092.0063
77,-2107.8337
78,-2086.1096
79,-2110.6743
80,-2095.2224
81,-2060.9084
82,-2147.5051
83,-2007.28
84,-2028.6066
85,-2123.5974
86,-2104.4067
87,-2117.605
88,-2065.154
89,-2052.8599
90,-2051.7405
91,-2125.9668
92,-2059.4011
93,-2104.2285
94,-2068.625
95,-2132.017
96,-2130.49
97,-2043.4017
98,-2126.3108
99,-1987.2946
100,-1826.5101
101,-1648.7369
102,-1702.1908
103,-1808.9316
104,-1895.2571
105,-1695.167
106,-1739.9014
107,-1832.2533
108,-1851.175
109,-1799.4459
110,-1826.517
111,-1870.25
112,-1773.3075
113,-1839.267
114,-1837.5723
115,-1859.865
116,-1812.9287
117,-1536.8813
118,-1585.6959
119,-1550.7031
120,-1563.8676
121,-1572.0754
122,-1679.2947
123,-1663.4309
124,-1671.8922
125,-1607.434
126,-1667.1057
127,-1677.9037
128,-1669.986
129,-1788.1447
130,-1747.227
131,-1686.1082
132,-1754.3606
133,-1530.1532
134,-1530.3724
135,-1529.6211
136,-1504.684
137,-1550.1368
138,-1527.7356
139,-1538.511
140,-1498.0284
141,-1553.305
142,-1529.7739
143,-1509.219
144,-1533.5496
145,-1509.6782
146,-1536.329
147,-1514.6462
148,-1506.0989
149,-1558.2253
150,-1553.6215
151,-1492.6962
152,-1519.9496
153,-1501.5123
154,-1527.2928
155,-1530.033
156,-1555.3705
157,-1519.5742
158,-1629.0054
159,-1610.7257
160,-1574.0409
161,-1563.1257
162,-1605.8748
163,-1596.4259
164,-1618.0955
165,-1617.1914
166,-1591.082
167,-1552.2606
168,-1583.0481
169,-1604.4839
170,-1588.7249
171,-1589.2981
172,-1626.2148
173,-1611.6013
174,-1644.7545
175,-1598.8231
176,-1594.4983
177,-1617.8757
178,-1600.7524
179,-1600.91
180,-1599.6704
181,-1572.6377
182,-1598.7861
183,-1616.8379
184,-1605.9358
186,-1557.0562
186,-1557.0562
187,-1596.0663
188,-1595.8843
189,-1585.4558
190,-1606.6753
191,-1614.7391
192,-1604.2908
193,-1610.7627
194,-1571.5382
195,-1594.6417
196,-1593.7312
197,-1582.6685
198,-1600.0442
199,-1629.3059
200,-1632.1006
201,-1600.0706
202,-1606.1056
203,-1568.6993
204,-1560.1931
205,-1579.7736
206,-1614.3674
207,-1606.5276
208,-1552.5989
209,-1586.0586
210,-1565.2866
211,-1615.3715
212,-1640.3373
213,-1593.6683
214,-1595.9832
215,-1609.0303
216,-1571.0361
217,-1625.8315
218,-1611.5481
219,-1583.5421
220,-1584.8477
221,-1612.802
222,-1589.6953
223,-1599.5758
224,-1632.4352
225,-1613.9397
226,-1605.7991
227,-1564.5409
228,-1613.6196
229,-1597.0747
230,-1580.999
231,-1609.6888
232,-1647.2131
233,-1604.9973
234,-1645.9523
235,-1601.1902
236,-1605.2635
237,-1602.6788
238,-1562.9893
239,-1551.5884
240,-1588.857
241,-1553.2773
242,-1583.073
243,-1589.4475
244,-1618.4448
245,-1631.1794
246,-1615.512
247,-1628.8618
248,-1595.226
249,-1612.4844
250,-1592.0449
251,-1613.4315
252,-1630.2114
253,-1600.4025
254,-1567.5397
255,-1582.4985
256,-1586.2504
257,-1578.134
258,-1587.1178
259,-1599.3286
260,-1584.4879
261,-1597.4519
262,-1599.5754
263,-1581.3009
264,-1598.062
265,-1608.7391
266,-1589.0948
267,-1645.1641
268,-1597.5312
269,-1590.8829
270,-1556.2899
271,-1584.1476
272,-1572.5532
273,-1590.953
274,-1646.5862
275,-1599.3004
276,-1611.0889
277,-1565.3801
278,-1588.984
279,-1617.4009
280,-1611.6805
281,-1637.4841
282,-1604.0641
283,-1613.2603
284,-1569.6573
285,-1589.7577
286,-1600.9072
287,-1585.6849
288,-1572.9165
289,-1637.1262
290,-1585.9813
291,-1576.8911
292,-1627.9438
293,-1611.945
294,-1585.7349
295,-1610.7258
296,-1599.8665
297,-1582.8181
298,-1557.2369
299,-1597.4254
300,-1556.923
301,-1604.09
302,-1610.2098
303,-1614.2117
304,-1597.893
305,-1605.7566
306,-1590.8037
307,-1622.471
308,-1601.3793
309,-1616.8447
310,-1595.6924
311,-1582.3667
312,-1633.5526
313,-1573.4006
314,-1607.3892
315,-1623.1213
316,-1606.4149
317,-1594.6575
318,-1602.7882
319,-1582.7433
320,-1591.2642
321,-1637.4575
322,-1588.8888
323,-1635.46
324,-1609.1292
325,-1630.8398
326,-1607.9318
327,-1605.4695
328,-1564.2985
329,-1637.9097
330,-1579.8616
331,-1602.5566
332,-1569.572
333,-1605.7083
334,-1587.7341
335,-1634.0471
336,-1577.9889
337,-1618.8093
338,-1582.5955
339,-1621.7036
340,-1600.302
341,-1587.5139
342,-1576.3694
343,-1585.3898
344,-1579.2075
345,-1551.0078
346,-1572.6476
347,-1621.677
348,-1595.4543
349,-1608.943
350,-1628.7698
351,-1628.6753
352,-1573.2109
353,-1600.773
354,-1554.8809
355,-1605.8207
356,-1570.5332
357,-1595.2578
358,-1587.6873
359,-1593.2279
360,-1585.4672
361,-1593.0366
362,-1561.354
363,-1573.2372
364,-1605.2622
365,-1557.5375
366,-1628.8643
367,-1595.7911
368,-1602.5397
369,-1600.8088
370,-1578.1587
371,-1614.2709
372,-1574.7325
373,-1597.6056
374,-1625.1814
375,-1623.3708
376,-1600.021
377,-1580.376
378,-1562.3807
379,-1584.5464
380,-1603.9164
381,-1587.3464
382,-1544.1252
383,-1558.9835
384,-1595.1696
385,-1623.6283
386,-1594.7136
387,-1598.5696
388,-1601.9512
389,-1579.1772
390,-1556.7708
391,-1582.3955
392,-1555.4104
393,-1628.2433
394,-1593.547
395,-1594.3055
396,-1603.8303
397,-1610.7031
398,-1586.105
399,-1595.7185
400,-1615.1182
401,-1594.8774
402,-1597.747
403,-1622.1401
404,-1561.0619
405,-1585.0564
406,-1585.424
407,-1609.8557
408,-1611.8535
409,-1560.0665
410,-1554.6134
411,-1614.1273
412,-1562.0176
413,-1578.9901
414,-1574.9442
415,-1585.1609
416,-1590.0366
417,-1587.2385
418,-1590.9088
419,-1565.5793
420,-1619.3074
421,-1615.4666
422,-1617.5342
423,-1608.0315
424,-1606.9158
425,-1589.6934
426,-1578.621
427,-1541.9954
428,-1607.3224
429,-1584.6816
430,-1567.0709
431,-1592.2683
432,-1556.263
433,-1580.5994
434,-1607.9817
435,-1570.7329
436,-1610.8846
437,-1580.4456
438,-1599.5162
439,-1560.7197
440,-1580.0103
441,-1587.3271
442,-1596.9745
443,-1595.1907
444,-1613.9738
445,-1581.7488
446,-1579.7089
447,-1640.4714
448,-1646.6571
449,-1583.1798
450,-1566.2826
451,-1610.1101
452,-1636.1742
453,-1612.5535
454,-1546.9094
455,-1598.259
456,-1598.5789
457,-1589.398
458,-1596.3252
459,-1583.6631
460,-1596.4111
461,-1617.4062
462,-1593.7759
463,-1597.7445
464,-1602.4786
465,-1583.4138
466,-1569.8789
467,-1604.8848
468,-1598.3785
469,-1612.9369
470,-1593.5673
471,-1597.1765
472,-1582.7949
473,-1613.9668
474,-1592.9136
475,-1583.7369
476,-1582.5487
477,-1582.0681
478,-1596.3584
479,-1600.2455
480,-1582.011
481,-1581.2428
482,-1621.3861
483,-1623.7397
484,-1570.8871
485,-1624.4552
486,-1588.4177
487,-1582.041
488,-1598.6139
489,-1626.9082
490,-1617.9756
491,-1569.0281
492,-1609.0369
493,-1587.8131
494,-1567.8878
495,-1622.5851
496,-1635.5435
497,-1555.5908
498,-1638.1595
499,-1570.1707
500,-1599.5272
501,-1594.5159
502,-1572.3928
503,-1599.0862
504,-1634.9784
505,-1591.5454
506,-1599.2559
507,-1571.9504
508,-1615.785
509,-1592.5002
510,-1570.8496
511,-1596.8685
512,-1620.1035
513,-1645.8782
514,-1625.1293
515,-1577.9823
516,-1612.1354
517,-1611.5432
518,-1579.85
519,-1563.0164
520,-1581.1992
521,-1591.5698
522,-1609.039
523,-1613.2908
524,-1635.9078
525,-1611.2336
526,-1607.8514
527,-1598.7405
528,-1561.9446
529,-1589.8787
530,-1623.7194
531,-1583.084
532,-1561.37
533,-1591.3801
534,-1579.2776
535,-1610.0651
536,-1586.5759
537,-1564.0657
538,-1607.5269
539,-1609.3279
540,-1609.5732
541,-1572.8868
542,-1606.4639
543,-1616.2157
544,-1620.8525
545,-1599.2168
546,-1615.0428
547,-1619.0217
548,-1610.8909
549,-1605.4722
550,-1592.7048
551,-1558.9218
552,-1579.0193
553,-1620.2546
554,-1626.1494
555,-1571.5945
556,-1621.8875
557,-1603.8951
558,-1596.4811
559,-1604.2998
560,-1595.1512
561,-1553.8942
562,-1605.6372
563,-1579.01
564,-1566.381
565,-1619.0581
566,-1600.3773
567,-1599.9755
568,-1611.3153
569,-1643.2505
570,-1585.0468
571,-1562.6027
572,-1631.1987
573,-1585.6051
574,-1622.4669
575,-1583.8416
576,-1600.8539
577,-1623.1345
578,-1621.4728
579,-1593.2789
580,-1578.3328
581,-1562.1238
582,-1557.515
583,-1584.6315
584,-1627.2568
585,-1594.1969
586,-1599.2906
587,-1578.2299
588,-1595.8202
589,-1606.9146
590,-1560.1897
591,-1599.1313
592,-1599.7389
593,-1613.1521
594,-1609.5049
595,-1602.8953
596,-1593.4656
597,-1591.4843
598,-1625.8922
599,-1613.823
600,-1631.9777
601,-1608.4791
602,-1606.8939
603,-1593.8503
604,-1597.7555
605,-1584.5308
606,-1573.9103
607,-1583.5623
608,-1595.1055
609,-1637.7366
610,-1574.3438
611,-1594.0173
612,-1611.72
613,-1571.6858
614,-1624.736
615,-1598.8705
616,-1636.0712
617,-1588.8328
618,-1581.9034
619,-1590.4683
620,-1594.4951
621,-1568.2231
622,-1567.4703
623,-1589.4258
624,-1622.7009
625,-1611.7634
626,-1589.7178
627,-1578.2936
628,-1614.3821
629,-1637.4174
630,-1617.5078
631,-1579.4332
632,-1632.1376
633,-1582.3873
634,-1589.8086
635,-1592.0825
636,-1606.3138
637,-1602.8458
638,-1588.6406
639,-1578.3002
640,-1570.9844
641,-1619.6274
642,-1566.6299
643,-1596.4243
644,-1558.9626
645,-1555.3387
646,-1599.3143
647,-1551.4121
648,-1599.0591
649,-1569.124
650,-1609.5415
651,-1588.5338
652,-1632.3876
653,-1602.4246
654,-1577.4177
655,-1586.4111
656,-1564.8625
657,-1614.9578
658,-1586.7952
659,-1608.0626
660,-1600.3103
661,-1596.286
662,-1604.0664
663,-1545.2585
664,-1560.6416
665,-1572.9896
666,-1559.9707
667,-1629.6974
668,-1581.0518
669,-1560.655
670,-1648.5458
671,-1548.4075
672,-1647.2761
673,-1578.4797
674,-1596.2386
675,-1567.0314
676,-1621.2166
677,-1596.9808
678,-1624.8833
679,-1637.6669
680,-1584.2338
681,-1602.294
682,-1567.1102
683,-1577.6306
684,-1576.5825
685,-1605.0889
686,-1581.271
687,-1595.9224
688,-1601.6814
689,-1573.1819
690,-1587.2793
691,-1572.311
692,-1594.939
693,-1640.709
694,-1585.9055
695,-1636.5458
696,-1628.7216
697,-1617.3372
698,-1559.7751
699,-1636.6862
700,-1554.0515
701,-1548.3665
702,-1615.7078
703,-1625.539
704,-1605.3756
705,-1579.2819
706,-1581.6406
707,-1592.8497
708,-1621.4231
709,-1594.5195
710,-1627.907
711,-1633.0732
712,-1607.255
713,-1597.3687
714,-1630.9744
715,-1608.9203
716,-1613.8014
717,-1599.2324
718,-1598.5659
719,-1588.4996
720,-1597.002
721,-1622.4573
722,-1609.429
723,-1600.8734
724,-1633.9257
725,-1612.1361
726,-1583.5758
727,-1603.4696
728,-1609.5598
729,-1572.4863
730,-1556.1094
731,-1603.0386
732,-1597.3652
733,-1620.2178
734,-1564.8212
735,-1613.1215
736,-1585.2041
737,-1574.5916
738,-1585.8357
739,-1615.0194
740,-1623.1544
741,-1589.8318
742,-1564.3557
743,-1604.4581
744,-1591.9258
745,-1632.8895
746,-1573.8627
747,-1614.6685
748,-1604.3566
749,-1604.6576
750,-1615.2008
751,-1601.2638
752,-1629.6335
753,-1579.8896
754,-1560.144
755,-1567.4867
756,-1629.2546
757,-1608.2086
758,-1572.927
759,-1589.744
760,-1572.8077
761,-1627.6838
762,-1631.8042
763,-1592.5325
764,-1598.9545
765,-1583.226
766,-1618.5841
767,-1562.5471
768,-1613.126
769,-1597.5715
770,-1609.0731
771,-1630.7351
772,-1597.2594
773,-1600.0338
774,-1582.1511
775,-1577.6519
776,-1640.8898
777,-1599.4097
778,-1577.1147
779,-1618.9365
780,-1593.0299
781,-1588.7694
782,-1594.51
783,-1563.6107
784,-1600.1614
785,-1624.7769
786,-1617.5107
787,-1625.3225
788,-1620.6908
789,-1606.886
790,-1566.7892
791,-1606.6892
792,-1591.7709
793,-1603.258
794,-1592.1819
795,-1588.2457
796,-1615.4253
797,-1594.2311
798,-1584.0691
799,-1604.413
800,-1643.8844
801,-1631.4843
802,-1577.9392
803,-1562.8596
804,-1593.1567
805,-1599.4484
806,-1621.9792
807,-1603.6143
808,-1585.3313
809,-1573.4191
810,-1579.5237
811,-1575.6189
812,-1593.7896
813,-1611.8472
814,-1622.7509
815,-1596.8989
816,-1582.7246
817,-1599.6671
818,-1570.5074
819,-1606.8552
820,-1592.028
821,-1562.4154
822,-1613.9836
823,-1571.7595
824,-1573.0254
825,-1595.3318
826,-1595.9215
827,-1577.895
828,-1578.8079
829,-1603.0945
830,-1621.219
831,-1645.991
832,-1614.5609
833,-1596.7626
834,-1609.2272
835,-1612.0111
836,-1616.5564
837,-1594.82
838,-1601.6514
839,-1568.0546
840,-1591.078
841,-1568.2161
842,-1612.3479
843,-1570.4037
844,-1600.0374
845,-1620.7537
846,-1600.4193
847,-1615.8243
848,-1565.6096
849,-1578.9066
850,-1567.4653
851,-1620.9108
852,-1580.431
853,-1596.0651
854,-1606.5326
855,-1628.76
856,-1594.227
857,-1599.0503
858,-1641.5178
859,-1560.1958
860,-1628.9084
861,-1601.1836
862,-1615.8429
863,-1609.149
864,-1575.2515
865,-1632.4647
866,-1572.4672
867,-1620.5115
868,-1613.2227
869,-1578.4595
870,-1583.3662
871,-1585.0258
872,-1599.3195
873,-1610.345
874,-1614.2197
875,-1593.0444
876,-1597.5375
877,-1620.0658
878,-1568.6753
879,-1580.9896
880,-1600.0045
881,-1587.8038
882,-1610.8972
883,-1582.8702
884,-1621.6377
885,-1593.8524
886,-1595.0471
887,-1596.4138
888,-1599.8623
889,-1588.8162
890,-1619.723
891,-1569.0574
892,-1573.6499
893,-1599.7898
894,-1575.9529
895,-1646.4165
896,-1585.1366
897,-1569.3657
898,-1636.8607
899,-1588.2272
900,-1598.5039
901,-1628.0348
902,-1575.0669
903,-1643.6343
904,-1586.5953
905,-1581.3782
906,-1597.1772
907,-1585.1934
908,-1549.4235
909,-1619.2704
910,-1616.6376
911,-1591.728
912,-1565.4485
913,-1582.1924
914,-1588.0947
915,-1606.2664
916,-1645.3661
917,-1603.5314
918,-1570.4879
919,-1576.1069
920,-1606.8809
921,-1589.0092
922,-1624.9191
923,-1613.1813
924,-1576.2765
925,-1608.0734
926,-1620.5419
927,-1582.3788
928,-1622.6248
929,-1606.778
930,-1601.2673
931,-1585.3221
932,-1590.2645
933,-1592.5902
934,-1614.4457
935,-1597.409
936,-1567.2142
937,-1591.2957
938,-1585.8446
939,-1621.9868
940,-1600.6412
941,-1559.7926
942,-1574.8704
943,-1576.9929
944,-1607.4485
945,-1583.3796
946,-1579.9067
947,-1550.6969
948,-1620.51
949,-1616.739
950,-1562.1018
951,-1586.4584
952,-1632.1478
953,-1619.8275
954,-1594.178
955,-1602.0765
956,-1633.1183
957,-1585.0958
958,-1600.777
959,-1567.7789
960,-1578.1381
961,-1613.3284
962,-1622.803
963,-1556.5859
964,-1579.553
965,-1608.1454
966,-1612.2709
967,-1585.4858
968,-1605.1807
969,-1620.0874
970,-1577.8094
971,-1603.5015
972,-1590.6584
973,-1584.7668
974,-1591.6267
975,-1565.877
976,-1592.5242
977,-1610.5553
978,-1611.0057
979,-1592.6951
980,-1585.491
981,-1586.6049
982,-1601.9365
983,-1624.0168
984,-1587.5312
985,-1561.2908
986,-1584.5361
987,-1627.1533
988,-1587.8892
989,-1597.8982
990,-1591.5361
991,-1574.1716
992,-1599.8799
993,-1565.6351
994,-1556.6345
995,-1614.0417
996,-1623.506
997,-1583.5186
998,-1598.89
999,-1583.5527
1000,-1585.9099
1001,-1593.2698
1002,-1612.4487
1003,-1616.6495
1004,-1599.8534
1005,-1618.9211
1006,-1605.8646
1007,-1630.9275
1008,-1578.9756
1009,-1637.5677
1010,-1577.5278
1011,-1578.7214
1012,-1561.2877
1013,-1632.6062
1014,-1609.9672
1015,-1633.3137
1016,-1597.3523
1017,-1619.0349
1018,-1625.0066
1019,-1615.185
1020,-1607.3303
1021,-1616.0791
1022,-1585.9019
1023,-1588.4595
1024,-1613.8132
1025,-1580.8239
1026,-1580.2019
1027,-1567.4194
1028,-1627.7227
1029,-1572.1873
1030,-1597.8418
1031,-1586.0071
1032,-1583.3103
1033,-1611.843
1034,-1577.9729
1035,-1615.7104
1036,-1604.7365
1037,-1621.7942
1038,-1600.3236
1039,-1547.7915
1040,-1603.2825
1041,-1600.2651
1042,-1593.5063
1043,-1582.6208
1044,-1609.8289
1045,-1600.2642
1046,-1580.1296
1047,-1602.8888
1048,-1625.76
1049,-1593.1632
1050,-1590.9283
1051,-1602.942
1052,-1560.346
1053,-1596.6863
1054,-1611.7958
1055,-1611.5015
1056,-1584.9215
1057,-1548.4384
1058,-1597.2678
1059,-1591.622
1060,-1557.4415
1061,-1556.6742
1062,-1620.6841
1063,-1562.6577
1064,-1557.0447
1065,-1613.7698
1066,-1579.6493
1067,-1573.5251
1068,-1615.7644
1069,-1599.9617
1070,-1560.8214
1071,-1592.7573
1072,-1584.9008
1073,-1617.6726
1074,-1611.3186
1075,-1606.9841
1076,-1550.9353
1077,-1595.0056
1078,-1607.7688
1079,-1579.5251
1080,-1596.2386
1081,-1614.976
1082,-1598.4755
1083,-1585.4009
1084,-1560.9547
1085,-1632.1268
1086,-1606.5613
1087,-1594.4952
1088,-1622.1704
1089,-1624.4609
1090,-1574.0768
1091,-1607.8466
1092,-1595.4191
1093,-1559.6005
1094,-1585.1254
1095,-1611.8328
1096,-1600.9183
1097,-1586.281
1098,-1620.2649
1099,-1582.5979
1100,-1579.8915
1101,-1616.6079
1102,-1627.888
1103,-1603.8179
1104,-1548.5708
1105,-1610.5836
1106,-1588.7876
1107,-1591.9492
1108,-1600.0039
1109,-1596.6842
1110,-1591.8688
1111,-1596.2251
1112,-1607.023
1113,-1604.1858
1114,-1584.846
1115,-1633.4159
1116,-1597.7668
1117,-1639.8989
1118,-1577.3826
1119,-1635.3586
1120,-1606.9132
1121,-1607.6356
1122,-1599.9717
1123,-1616.7544
1124,-1588.493
1125,-1600.6771
1126,-1595.72
1127,-1602.6091
1128,-1602.038
1129,-1601.0452
1130,-1607.5032
1131,-1630.6028
1132,-1586.7803
1133,-1637.6276
1134,-1600.755
1135,-1625.6243
1136,-1643.0487
1137,-1608.1511
1138,-1578.9725
1139,-1606.2275
1140,-1560.9977
1141,-1605.1252
1142,-1558.755
1143,-1589.7771
1144,-1646.9263
1145,-1607.7719
1146,-1606.3496
1147,-1549.8098
1148,-1623.5824
1149,-1556.5521
1150,-1613.1658
1151,-1634.2178
1152,-1635.3676
1153,-1651.4683
1154,-1599.3716
1155,-1596.694
1156,-1606.6006
1157,-1562.9197
1158,-1546.3917
1159,-1570.9834
1160,-1615.8988
1161,-1563.4199
1162,-1605.356
1163,-1561.6791
1164,-1632.0879
1165,-1611.2853
1166,-1558.9396
1167,-1592.1191
1168,-1592.2769
1169,-1571.2181
1170,-1616.9368
1171,-1598.5059
1172,-1588.1827
1173,-1585.799
1174,-1603.3704
1175,-1628.7493
1176,-1591.4823
1177,-1591.7443
1178,-1570.55
1179,-1569.0035
1180,-1644.2322
1181,-1583.3862
1182,-1609.3818
1183,-1629.6324
1184,-1620.6807
1185,-1618.5321
1186,-1588.5996
1187,-1622.0396
1188,-1577.1482
1189,-1624.1847
1190,-1632.0134
1191,-1625.177
1192,-1635.3258
1193,-1631.9409
1194,-1632.0468
1195,-1591.6619
1196,-1579.0442
1197,-1577.5248
1198,-1608.7932
1199,-1568.4949
1200,-1578.2173
1201,-1598.3743
1202,-1621.7047
1203,-1603.2003
1204,-1594.2094
1205,-1628.7314
1206,-1594.8921
1207,-1585.9583
1208,-1615.5115
1209,-1600.4677
1210,-1595.3333
1211,-1612.8306
1212,-1591.2764
1213,-1602.8289
1214,-1584.99
1215,-1584.3093
1216,-1597.2307
1217,-1602.0358
1218,-1594.2456
1219,-1575.7704
1220,-1591.9514
1221,-1593.5623
1222,-1597.2631
1223,-1581.3241
1224,-1618.7126
1225,-1611.1718
1226,-1643.6914
1227,-1558.8724
1228,-1619.969
1229,-1591.247
1230,-1605.2083
1231,-1597.7799
1232,-1590.2
1233,-1582.9421
1234,-1571.6897
1235,-1583.3888
1236,-1627.1697
1237,-1597.9086
1238,-1605.4346
1239,-1641.8486
1240,-1622.0457
1241,-1585.1227
1242,-1575.7473
1243,-1615.3988
1244,-1604.6279
1245,-1607.5703
1246,-1606.6421
1247,-1606.9084
1248,-1595.4705
1249,-1606.1494
1250,-1602.9277
1251,-1600.2759
1252,-1605.9863
1253,-1587.9677
1254,-1600.4492
1255,-1611.0222
1256,-1596.904
1257,-1586.327
1258,-1567.9907
1259,-1622.5076
1260,-1591.6372
1261,-1575.1643
1262,-1588.6073
1263,-1575.1185
1264,-1595.7827
1265,-1579.6862
1266,-1612.4114
1267,-1629.1045
1268,-1596.1168
1269,-1546.1885
1270,-1591.3318
1271,-1578.8661
1272,-1620.3643
1273,-1585.2416
1274,-1591.5743
1275,-1551.8787
1276,-1602.7583
1277,-1631.6775
1278,-1566.8062
1279,-1596.8634
1280,-1589.3812
1281,-1597.3098
1282,-1582.0222
1283,-1600.5684
1284,-1599.9159
1285,-1609.1808
1286,-1629.8862
1287,-1583.9945
1288,-1581.9896
1289,-1572.8187
1290,-1611.8069
1291,-1604.4442
1292,-1556.1943
1293,-1623.8416
1294,-1617.3363
1295,-1606.1019
1296,-1571.207
1297,-1552.2843
1298,-1585.3083
1299,-1608.3071
1300,-1576.348
1301,-1610.4641
1302,-1594.8011
1303,-1609.8785
1304,-1607.0331
1305,-1567.96
1306,-1568.4763
1307,-1609.6779
1308,-1578.9011
1309,-1562.9797
1310,-1601.4312
1311,-1596.3068
1312,-1628.0872
1313,-1596.2283
1314,-1556.7207
1315,-1573.5306
1316,-1617.3922
1317,-1590.6908
1318,-1613.392
1319,-1626.9899
1320,-1599.586
1321,-1589.8171
1322,-1581.4427
1323,-1591.4874
1324,-1593.5859
1325,-1605.9242
1326,-1610.5299
1327,-1585.8973
1328,-1617.8058
1329,-1600.3225
1330,-1631.1252
1331,-1599.0253
1332,-1597.6935
1333,-1570.2257
1334,-1562.4542
1335,-1584.8041
1336,-1594.7853
1337,-1590.7666
1338,-1594.0698
1339,-1590.6605
1340,-1589.4712
1341,-1614.3658
1342,-1571.3566
1343,-1617.1252
1344,-1567.5223
1345,-1561.369
1346,-1636.87
1347,-1605.4746
1348,-1598.4104
1349,-1582.9912
1350,-1573.5864
1351,-1550.0751
1352,-1580.0992
1353,-1594.9829
1354,-1628.8599
1355,-1559.4574
1356,-1594.507
1357,-1612.0046
1358,-1597.9025
1359,-1600.2728
1360,-1602.7131
1361,-1608.2908
1362,-1617.9581
1363,-1609.9506
1364,-1600.499
1365,-1610.0184
1366,-1595.493
1367,-1603.6676
1368,-1599.1069
1369,-1584.1663
1370,-1596.5385
1371,-1594.5343
1372,-1588.633
1373,-1583.9325
1374,-1574.9431
1375,-1589.3496
1376,-1594.5603
1377,-1617.571
1378,-1595.5233
1379,-1608.3832
1380,-1570.8721
1381,-1600.6011
1382,-1614.065
1383,-1603.9785
1384,-1597.4045
1385,-1614.4031
1386,-1574.558
1387,-1589.5454
1388,-1598.4628
1389,-1618.4907
1390,-1581.659
1391,-1568.5485
1392,-1563.6741
1393,-1598.988
1394,-1605.659
1395,-1607.8805
1396,-1605.334
1397,-1612.8431
1398,-1605.338
1399,-1588.4916
1400,-1601.5317
1401,-1580.9753
1402,-1621.4458
1403,-1599.7029
1404,-1625.2938
1405,-1634.7631
1406,-1557.4905
1407,-1580.2708
1408,-1635.2867
1409,-1555.777
1410,-1622.6763
1411,-1570.8029
1412,-1613.593
1413,-1602.5321
1414,-1581.494
1415,-1600.0027
1416,-1579.8038
1417,-1560.7246
1418,-1616.2252
1419,-1588.0636
1420,-1598.5848
1421,-1596.8917
1422,-1625.9816
1423,-1615.4581
1424,-1572.9552
1425,-1579.9905
1426,-1578.9205
1427,-1603.2041
1428,-1574.098
1429,-1595.574
1430,-1602.8951
1431,-1622.1521
1432,-1592.6228
1433,-1588.5667
1434,-1626.5593
1435,-1593.0764
1436,-1614.0981
1437,-1604.8103
1438,-1582.319
1439,-1615.1017
1440,-1619.3169
1441,-1608.5566
1442,-1595.6705
1443,-1618.1683
1444,-1565.6764
1445,-1606.0162
1446,-1584.5538
1447,-1608.7689
1448,-1573.8556
1449,-1590.0028
1450,-1570.93
1451,-1596.5981
1452,-1637.1697
1453,-1613.4261
1454,-1577.4308
1455,-1588.4427
1456,-1572.3059
1457,-1583.7991
1458,-1566.424
1459,-1612.6112
1460,-1584.0955
1461,-1583.621
1462,-1586.2576
1463,-1588.2446
1464,-1602.5454
1465,-1582.8414
1466,-1597.6007
1467,-1584.6892
1468,-1547.7107
1469,-1574.3844
1470,-1624.7455
1471,-1627.4326
1472,-1608.8666
1473,-1577.8363
1474,-1571.285
1475,-1599.8922
1476,-1635.1614
1477,-1599.492
1478,-1614.1196
1479,-1565.9701
1480,-1585.2174
1481,-1625.1512
1482,-1614.799
1483,-1615.2422
1484,-1589.1659
1485,-1599.9392
1486,-1580.0203
1487,-1561.0468
1488,-1599.3497
1489,-1584.3657
1490,-1582.7639
1491,-1617.03
1492,-1603.231
1493,-1581.2211
1494,-1614.915
1495,-1622.054
1496,-1617.4762
1497,-1599.5449
1498,-1567.6489
1499,-1595.4102
1500,-1616.5344
1501,-1622.6057
1502,-1626.141
1503,-1568.873
1504,-1603.8739
1505,-1594.5404
1506,-1610.7394
1507,-1576.022
1508,-1578.446
1509,-1592.4175
1510,-1581.9512
1511,-1593.937
1512,-1582.8041
1513,-1632.6594
1514,-1561.1462
1515,-1590.4266
1516,-1611.8552
1517,-1619.5265
1518,-1631.1604
1519,-1604.9413
1520,-1596.0902
1521,-1592.3115
1522,-1599.1736
1523,-1569.394
1524,-1594.9724
1525,-1624.7341
1526,-1613.0123
1527,-1602.1392
1528,-1616.0598
1529,-1622.159
1530,-1613.7306
1531,-1601.671
1532,-1601.8575
1533,-1587.0608
1534,-1605.43
1535,-1617.597
1536,-1559.0936
1537,-1609.9739
1538,-1595.669
1539,-1608.411
1540,-1601.9912
1541,-1603.0322
1542,-1642.8273
1543,-1603.2874
1544,-1553.4257
1545,-1621.2588
1546,-1592.3846
1547,-1571.0896
1548,-1572.5765
1549,-1587.2339
1550,-1590.0056
1551,-1630.6736
1552,-1596.484
1553,-1602.8596
1554,-1591.6727
1555,-1572.7496
1556,-1621.7336
1557,-1591.7983
1558,-1632.7363
1559,-1592.1279
1560,-1614.2042
1561,-1599.2478
1562,-1606.1146
1563,-1595.6864
1564,-1585.2927
1565,-1610.7769
1566,-1592.0464
1567,-1604.2804
1568,-1572.2195
1569,-1566.127
1570,-1588.1876
1571,-1567.4448
1572,-1623.5356
1573,-1612.0549
1574,-1594.4426
1575,-1578.4285
1576,-1594.3075
1577,-1597.7054
1578,-1628.3489
1579,-1578.9885
1580,-1595.7502
1581,-1605.3739
1582,-1599.2151
1583,-1606.3286
1584,-1609.8633
1585,-1590.1992
1586,-1593.3038
1587,-1617.5232
1588,-1567.4164
1589,-1574.2756
1590,-1595.9517
1591,-1585.0737
1592,-1570.829
1593,-1562.1985
1594,-1562.5455
1595,-1587.0854
1596,-1603.385
1597,-1612.6438
1598,-1562.9958
1599,-1574.5193
1600,-1607.9183
1601,-1627.4502
1602,-1595.8271
1603,-1629.1865
1604,-1572.379
1605,-1583.4028
1606,-1594.0142
1607,-1586.0227
1608,-1564.212
1609,-1579.5234
1610,-1619.805
1611,-1603.4255
1612,-1560.9758
1613,-1595.2583
1614,-1609.1571
1615,-1621.2466
1616,-1607.8241
1617,-1604.4507
1618,-1595.6771
1619,-1623.5142
1620,-1572.4858
1621,-1569.185
1622,-1581.0594
1623,-1571.7812
1624,-1595.5679
1625,-1569.4553
1626,-1607.5004
1627,-1575.1602
1628,-1605.0465
1629,-1569.0215
1630,-1617.1271
1631,-1602.0049
1632,-1632.8052
1633,-1567.6543
1634,-1614.1898
1635,-1588.9847
1636,-1580.9519
1637,-1586.4602
1638,-1636.5966
1639,-1592.9888
1640,-1567.301
1641,-1604.7004
1642,-1585.2076
1643,-1611.5217
1644,-1589.9121
1645,-1558.3923
1646,-1595.1804
1647,-1569.2917
1648,-1584.5004
1649,-1577.4376
1650,-1640.6445
1651,-1560.6868
1652,-1582.2366
1653,-1612.4539
1654,-1594.5779
1655,-1594.1611
1656,-1589.8794
1657,-1559.0052
1658,-1597.9156
1659,-1625.6849
1660,-1626.437
1661,-1615.8228
1662,-1587.8481
1663,-1608.7611
1664,-1593.5302
1665,-1567.838
1666,-1571.3176
1667,-1609.2133
1668,-1572.6646
1669,-1636.9392
1670,-1594.6382
1671,-1597.827
1672,-1580.038
1673,-1594.4563
1674,-1615.3042
1675,-1579.1893
1676,-1580.219
1677,-1609.7635
1678,-1596.7264
1679,-1629.5493
1680,-1571.9166
1681,-1604.8666
1682,-1591.5491
1683,-1600.9534
1684,-1611.4491
1685,-1600.1914
1686,-1589.929
1687,-1570.4939
1688,-1595.8923
1689,-1611.1028
1690,-1592.6703
1691,-1615.5344
1692,-1570.9159
1693,-1589.1918
1694,-1606.817
1695,-1591.9778
1696,-1641.6038
1697,-1578.1685
1698,-1605.3105
1699,-1624.218
1700,-1588.3595
1701,-1596.0479
1702,-1605.8236
1703,-1609.0618
1704,-1601.0109
1705,-1590.227
1706,-1595.5391
1707,-1611.7853
1708,-1600.6407
1709,-1609.6206
1710,-1598.1926
1711,-1581.0105
1712,-1591.3152
1713,-1585.1968
1714,-1616.9082
1715,-1595.4272
1716,-1623.6208
1717,-1594.894
1718,-1590.6125
1719,-1568.4187
1720,-1570.7144
1721,-1588.7944
1722,-1602.9106
1723,-1618.1106
1724,-1597.8431
1725,-1589.072
1726,-1620.5977
1727,-1628.5409
1728,-1585.2026
1729,-1586.0847
1730,-1573.3683
1731,-1560.6802
1732,-1644.0476
1733,-1622.9441
1734,-1599.8838
1735,-1596.7319
1736,-1626.5
1737,-1593.5325
1738,-1609.7327
1739,-1607.9666
1740,-1583.6876
1741,-1578.5404
1742,-1566.3826
1743,-1636.9252
1744,-1586.7604
1745,-1579.1958
1746,-1625.3093
1747,-1571.8044
1748,-1585.9479
1749,-1567.0168
1750,-1632.7126
1751,-1634.5006
1752,-1610.5243
1753,-1578.4827
1754,-1596.4697
1755,-1602.6836
1756,-1584.0609
1757,-1621.4233
1758,-1577.4117
1759,-1603.6229
1760,-1587.7795
1761,-1564.9535
1762,-1621.6865
1763,-1620.4883
1764,-1579.851
1765,-1584.4277
1766,-1585.5249
1767,-1564.1434
1768,-1608.4192
1769,-1596.3813
1770,-1569.7065
1771,-1577.0417
1772,-1615.7356
1773,-1567.3265
1774,-1596.4641
1775,-1588.9803
1776,-1623.7009
1777,-1610.6024
1778,-1593.2035
1779,-1598.9352
1780,-1602.8286
1781,-1601.9116
1782,-1619.7213
1783,-1585.7078
1784,-1611.7151
1785,-1604.847
1786,-1570.6342
1787,-1587.2727
1788,-1609.3333
1789,-1582.156
1790,-1582.23
1791,-1574.7063
1792,-1568.9836
1793,-1619.4071
1794,-1595.9006
1795,-1559.0273
1796,-1605.8231
1797,-1579.5767
1798,-1585.7427
1799,-1644.9204
1800,-1600.8865
1801,-1582.831
1802,-1633.9637
1803,-1584.9441
1804,-1588.6703
1805,-1593.3519
1806,-1583.0791
1807,-1606.4353
1808,-1619.759
1809,-1621.8492
1810,-1606.6776
1811,-1572.9674
1812,-1585.5515
1813,-1582.3046
1814,-1603.1388
1815,-1624.4705
1816,-1577.4984
1817,-1586.5189
1818,-1589.3878
1819,-1600.9258
1820,-1586.2375
1821,-1611.3497
1822,-1586.9419
1823,-1600.9232
1824,-1611.1472
1825,-1591.365
1826,-1572.5099
1827,-1553.5343
1828,-1586.4446
1829,-1629.6952
1830,-1601.9099
1831,-1614.9121
1832,-1612.4915
1833,-1587.9099
1834,-1575.3834
1835,-1623.5916
1836,-1639.6113
1837,-1576.5404
1838,-1591.3097
1839,-1589.6138
1840,-1582.8208
1841,-1634.4456
1842,-1586.3799
1843,-1579.0005
1844,-1618.1982
1845,-1608.9822
1846,-1625.0762
1847,-1593.1595
1848,-1615.469
1849,-1588.9595
1850,-1610.1407
1851,-1637.6528
1852,-1614.306
1853,-1612.5316
1854,-1636.6564
1855,-1616.9891
1856,-1619.6207
1857,-1571.0605
1858,-1623.5037
1859,-1602.3176
1860,-1592.3445
1861,-1604.1088
1862,-1581.74
1863,-1570.1611
1864,-1565.5933
1865,-1587.9446
1866,-1593.2549
1867,-1622.9136
1868,-1624.7091
1869,-1619.3921
1870,-1610.2979
1871,-1578.6882
1872,-1581.7875
1873,-1580.3969
1874,-1582.553
1875,-1624.8586
1876,-1595.6433
1877,-1588.1918
1878,-1568.005
1879,-1631.3411
1880,-1608.7906
1881,-1611.3971
1882,-1606.6929
1883,-1568.9038
1884,-1634.9536
1885,-1585.5702
1886,-1604.2054
1887,-1568.4053
1888,-1578.2849
1889,-1579.175
1890,-1601.006
1891,-1603.4358
1892,-1597.9464
1893,-1576.8566
1894,-1581.4402
1895,-1625.5421
1896,-1565.951
1897,-1585.298
1898,-1624.6985
1899,-1584.5656
1900,-1623.9128
1901,-1566.8634
1902,-1572.905
1903,-1620.1033
1904,-1581.9615
1905,-1599.9373
1906,-1570.1974
1907,-1608.7397
1908,-1620.4984
1909,-1601.6133
1910,-1589.1943
1911,-1582.4897
1912,-1587.027
1913,-1562.0637
1914,-1617.2523
1915,-1633.1494
1916,-1606.9083
1917,-1595.9227
1918,-1562.0071
1919,-1584.4407
1920,-1604.9541
1921,-1620.6835
1922,-1584.0924
1923,-1629.1953
1924,-1592.4363
1925,-1632.5072
1926,-1592.706
1927,-1598.549
1928,-1556.1178
1929,-1605.8402
1930,-1579.6223
1931,-1593.4985
1932,-1595.6517
1933,-1570.7776
1934,-1584.1692
1935,-1588.2021
1936,-1617.6483
1937,-1619.3262
1938,-1605.7632
1939,-1610.0724
1940,-1594.1202
1941,-1607.8931
1942,-1564.1134
1943,-1622.8374
1944,-1594.8951
1945,-1592.6833
1946,-1602.6959
1947,-1623.7166
1948,-1621.7039
1949,-1592.3973
1950,-1586.1781
1951,-1589.7764
1952,-1576.8527
1953,-1587.6311
1954,-1588.3524
1955,-1621.6211
1956,-1618.633
1957,-1585.3044
1958,-1598.5295
1959,-1551.7341
1960,-1574.2886
1961,-1591.2577
1962,-1560.5278
1963,-1585.9597
1964,-1588.6683
1965,-1599.8451
1966,-1627.7115
1967,-1589.1146
1968,-1560.9595
1969,-1579.3636
1970,-1583.5355
1971,-1564.5809
1972,-1597.9965
1973,-1619.08
1974,-1607.686
1975,-1625.4198
1976,-1627.195
1977,-1556.6018
1978,-1593.796
1979,-1595.8123
1980,-1617.4343
1981,-1609.8037
1982,-1633.0148
1983,-1584.0837
1984,-1624.9092
1985,-1609.6167
1986,-1581.4735
1987,-1566.1477
1988,-1576.5011
1989,-1607.6475
1990,-1594.7317
1991,-1596.4065
1992,-1586.7186
1993,-1588.9475
1994,-1625.9102
1995,-1594.6206
1996,-1596.9255
1997,-1601.6984
1998,-1610.0803
1999,-1627.5548
2000,-1572.6377
2001,-1584.5736
2002,-1601.4412
2003,-1581.469
2004,-1570.8641
2005,-1593.7245
2006,-1594.2351
2007,-1595.0724
2008,-1594.0857
2009,-1578.6306
2010,-1602.1711
2011,-1634.4021
2012,-1583.1484
2013,-1598.3628
2014,-1557.5566
2015,-1618.3275
2016,-1570.8339
2017,-1594.0779
2018,-1623.3191
2019,-1619.174
2020,-1556.7539
2021,-1606.6733
2022,-1589.1481
2023,-1573.6364
2024,-1563.1565
2025,-1598.7886
2026,-1576.863
2027,-1575.9683
2028,-1584.3542
2029,-1639.9895
2030,-1611.3596
2031,-1597.9785
2032,-1568.2285
2033,-1556.6731
2034,-1603.4944
2035,-1631.708
2036,-1647.5135
2037,-1607.5474
2038,-1580.3038
2039,-1574.9043
2040,-1584.0718
2041,-1572.0468
2042,-1610.8376
2043,-1586.8367
2044,-1561.7996
2045,-1635.5022
2046,-1585.2319
2047,-1586.806
2048,-1571.4724
2049,-1616.9128
2050,-1600.1062
2051,-1587.5471
2052,-1584.5908
2053,-1611.9071
2054,-1618.3408
2055,-1571.4553
2056,-1573.4907
2057,-1617.7694
2058,-1635.237
2059,-1633.313
2060,-1588.7672
2061,-1619.6562
2062,-1571.0371
2063,-1598.0941
2064,-1603.8824
2065,-1581.0228
2066,-1611.51
2067,-1587.5942
2068,-1616.6965
2069,-1579.7327
2070,-1622.9116
2071,-1581.7235
2072,-1601.5521
2073,-1631.6271
2074,-1624.0587
2075,-1587.8384
2076,-1601.0376
2077,-1553.1874
2078,-1591.051
2079,-1565.7561
2080,-1606.9434
2081,-1600.2134
2082,-1620.2507
2083,-1597.4446
2084,-1606.7434
2085,-1575.989
2086,-1571.625
2087,-1593.3413
2088,-1616.3552
2089,-1611.7471
2090,-1611.8966
2091,-1623.3408
2092,-1600.5583
2093,-1613.0865
2094,-1606.5746
2095,-1605.9491
2096,-1594.1427
2097,-1580.4667
2098,-1634.0446
2099,-1555.3306
2100,-1560.9442
2101,-1584.5564
2102,-1626.5895
2103,-1591.5704
2104,-1595.3772
2105,-1635.313
2106,-1595.1367
2107,-1573.0262
2108,-1569.4851
2109,-1595.27
2110,-1628.0217
2111,-1559.1345
2112,-1583.5522
2113,-1594.6311
2114,-1608.5963
2115,-1591.7462
2116,-1608.975
2117,-1579.0198
2118,-1621.1145
2119,-1614.981
2120,-1595.6254
2121,-1600.4451
2122,-1599.73
2123,-1610.7284
2124,-1589.384
2125,-1558.0857
2126,-1571.9393
2127,-1593.8108
2128,-1599.3823
2129,-1587.4769
2130,-1570.9131
2131,-1586.6808
2132,-1568.2838
2133,-1585.5308
2134,-1629.2898
2135,-1614.1145
2136,-1632.3152
2137,-1601.2024
2138,-1610.8032
2139,-1580.0442
2140,-1592.1431
2141,-1573.0518
2142,-1606.7448
2143,-1605.5234
2144,-1601.3523
2145,-1610.8811
2146,-1580.5527
2147,-1563.7698
2148,-1590.1478
2149,-1557.5261
2150,-1574.5223
2151,-1616.2325
2152,-1581.3335
2153,-1586.3754
2154,-1570.9404
2155,-1633.6758
2156,-1627.1239
2157,-1586.9545
2158,-1586.8274
2159,-1561.0105
2160,-1590.1655
2161,-1600.935
2162,-1611.4393
2163,-1569.4602
2164,-1577.9609
2165,-1576.4058
2166,-1583.4591
2167,-1620.6354
2168,-1596.7644
2169,-1611.9025
2170,-1603.1917
2171,-1606.4598
2172,-1570.939
2173,-1580.0441
2174,-1587.8833
2175,-1591.7853
2176,-1599.2041
2177,-1634.3083
2178,-1617.7119
2179,-1588.8123
2180,-1636.3301
2181,-1586.1361
2182,-1589.7922
2183,-1596.8132
2184,-1614.1198
2185,-1569.1006
2186,-1625.1647
2187,-1633.4713
2188,-1588.2429
2189,-1572.6692
2190,-1623.0461
2191,-1580.7372
2192,-1637.089
2193,-1610.8596
2194,-1639.6243
2195,-1609.6399
2196,-1596.7999
2197,-1594.2356
2198,-1580.09
2199,-1614.9087
2200,-1589.4775
2201,-1561.0654
2202,-1623.5828
2203,-1557.0078
2204,-1609.2478
2205,-1578.4922
2206,-1594.6836
2207,-1587.1293
2208,-1637.4883
2209,-1592.0942
2210,-1625.1735
2211,-1576.4392
2212,-1615.5896
2213,-1582.4058
2214,-1608.1221
2215,-1576.967
2216,-1597.1667
2217,-1602.226
2218,-1628.613
2219,-1555.9489
2220,-1620.8689
2221,-1623.7444
2222,-1588.047
2223,-1592.2383
2224,-1591.1897
2225,-1609.041
2226,-1597.3043
2227,-1602.7556
2228,-1587.2102
2229,-1560.5793
2230,-1629.2659
2231,-1606.551
2232,-1610.3435
2233,-1628.8944
2234,-1569.4801
2235,-1595.0765
2236,-1560.1188
2237,-1582.3103
2238,-1587.5903
2239,-1560.929
2240,-1608.6959
2241,-1581.1853
2242,-1615.707
2243,-1611.7122
2244,-1584.5107
2245,-1615.2932
2246,-1599.0765
2247,-1602.3022
2248,-1597.0688
2249,-1601.5648
2250,-1592.2622
2251,-1573.0261
2252,-1574.8088
2253,-1596.0276
2254,-1637.1803
2255,-1607.6941
2256,-1608.2944
2257,-1586.0038
2258,-1633.7285
2259,-1576.2974
2260,-1568.3159
2261,-1575.1849
2262,-1593.5325
2263,-1558.4677
2264,-1604.9729
2265,-1621.5052
2266,-1593.8732
2267,-1582.3667
2268,-1597.382
2269,-1615.9268
2270,-1601.4574
2271,-1571.5261
2272,-1634.5078
2273,-1610.0724
2274,-1585.9905
2275,-1604.0299
2276,-1582.5321
2277,-1615.0636
2278,-1575.0732
2279,-1569.2808
2280,-1557.5177
2281,-1629.9819
2282,-1582.4288
2283,-1571.8225
2284,-1562.4501
2285,-1596.34
2286,-1600.5358
2287,-1632.9489
2288,-1590.7856
2289,-1621.8477
2290,-1594.1584
2291,-1628.6919
2292,-1567.6971
2293,-1586.9329
2294,-1625.6284
2295,-1618.2202
2296,-1643.2266
2297,-1582.3947
2298,-1568.9248
2299,-1596.4006
2300,-1592.7404
2301,-1592.259
2302,-1588.2117
2303,-1625.6138
2304,-1598.133
2305,-1596.9115
2306,-1621.8718
2307,-1600.9836
2308,-1576.424
2309,-1603.3837
2310,-1636.8164
2311,-1550.1072
2312,-1598.3245
2313,-1623.3921
2314,-1578.3865
2315,-1598.6682
2316,-1612.5717
2317,-1623.4596
2318,-1607.6893
2319,-1597.5159
2320,-1558.8679
2321,-1610.49
2322,-1556.9956
2323,-1618.9934
2324,-1599.6068
2325,-1608.479
2326,-1629.4229
2327,-1594.1134
2328,-1619.7314
2329,-1595.6304
2330,-1547.9507
2331,-1615.6913
2332,-1575.1382
2333,-1643.2112
2334,-1558.1484
2335,-1608.8801
2336,-1605.5586
2337,-1610.5537
2338,-1567.6852
2339,-1611.1694
2340,-1556.5848
2341,-1592.3875
2342,-1613.5645
2343,-1628.3228
2344,-1595.1196
2345,-1606.8174
2346,-1613.526
2347,-1570.9344
2348,-1585.178
2349,-1593.1321
