3,20.52182
4,22.298029
5,22.063177
6,22.098618
7,22.32526
8,21.945498
9,22.017147
10,22.199387
11,21.44803
12,21.666637
13,22.154165
14,20.430695
15,20.279099
16,20.306595
17,19.836008
18,19.654215
19,19.48402
20,20.070496
21,20.066984
22,19.61469
23,20.099867
24,20.194925
25,20.08286
26,20.165209
27,20.102228
28,19.938534
29,20.298967
30,20.160742
31,19.847588
32,20.296417
33,19.920538
34,20.27928
35,19.871958
36,19.819153
37,19.963484
38,20.099234
39,19.46614
40,19.501766
41,19.58466
42,20.142103
43,19.898996
44,19.88155
45,20.29347
46,20.264463
47,19.9723
48,20.588537
49,21.263489
50,20.831951
51,22.186573
52,22.117926
53,22.13053
54,21.95119
55,21.359785
56,22.135046
57,21.963163
58,21.822348
59,22.04886
60,22.114891
61,22.033375
62,21.913214
63,22.050901
64,21.912216
65,20.137794
66,20.13397
67,20.27458
68,20.068718
69,20.247452
70,20.163424
71,19.933018
72,19.788435
73,20.207972
74,20.376602
75,20.15897
76,22.380985
77,24.21569
78,23.527702
79,24.176006
80,24.269045
81,24.200947
82,24.045124
83,23.95458
84,23.973465
85,23.934053
86,23.939894
87,24.032387
88,23.667332
89,24.410263
90,23.76396
91,23.443136
92,23.851048
93,24.236628
94,24.31287
95,23.966688
96,23.612062
97,24.048418
98,24.081713
99,23.999321
100,24.042295
101,24.127207
102,23.638496
103,24.092146
104,23.526009
105,24.465887
106,24.199728
107,23.948881
108,24.090038
109,23.7657
110,23.6458
111,24.02853
112,24.179493
113,24.322704
114,23.934452
115,23.63514
116,23.735277
117,23.51035
118,24.143208
119,23.820698
120,23.708813
121,24.071705
122,24.202055
123,23.951387
124,24.185984
125,23.500067
126,23.297968
127,24.594696
128,23.50055
129,24.363737
130,23.55368
131,24.087397
132,24.212248
133,24.26829
134,24.034315
135,23.613243
136,23.390566
137,24.234272
138,24.050266
139,24.168922
140,23.699629
141,24.488682
142,23.62268
143,23.450014
144,24.701927
145,23.803429
146,24.036871
147,23.634438
148,23.91543
149,24.319904
150,24.105837
151,23.819391
152,24.027271
153,24.168226
154,23.748503
155,23.929016
156,23.66021
157,24.095486
158,24.673298
159,23.949991
160,24.02822
161,24.083382
162,24.55565
163,24.415146
164,23.747536
165,24.313667
166,23.794777
167,24.50751
168,23.547861
169,23.49625
170,24.43473
171,24.067543
172,23.710995
173,23.800474
174,24.38473
175,24.039743
176,24.475218
177,23.810114
178,23.478344
179,24.229704
180,24.352715
181,23.703548
182,24.266243
183,24.323772
184,23.926563
185,23.830647
186,24.317575
187,24.31629
188,24.147455
189,24.225279
190,23.787752
191,24.164043
192,23.564299
193,24.201977
194,24.176914
195,23.860367
196,23.477175
197,24.130207
198,24.287346
199,24.440817
200,23.874744
201,23.832134
202,23.60857
203,24.20906
204,23.996103
205,24.06083
206,23.725466
207,24.04103
208,23.8509
209,23.548382
210,23.782518
211,24.244524
212,23.428726
213,23.985432
214,23.883493
215,24.179594
216,24.166023
217,24.294287
218,23.687248
219,24.014986
220,23.934038
221,23.991196
222,24.236517
223,24.310219
224,24.3212
225,23.575096
226,23.742832
227,24.131493
228,23.76228
229,23.227142
230,23.911736
231,24.132067
232,24.072817
233,23.866602
234,24.037437
235,24.21983
236,24.434608
237,24.482582
238,24.323298
239,24.273737
240,23.638845
241,23.536135
242,23.896683
243,23.864685
244,24.165802
245,24.040854
246,23.859507
247,23.874655
248,24.211355
249,23.72058
250,24.217142
251,23.874779
252,24.26802
253,23.887232
254,24.327988
255,24.119009
256,24.292715
257,24.119099
258,23.963804
259,24.098763
260,24.354074
261,24.365469
262,24.189724
263,24.275253
264,24.129488
265,24.156876
266,23.957075
267,24.100536
268,24.310766
269,24.003479
270,24.33135
271,24.312637
272,23.62357
273,24.10381
274,24.042109
275,23.725286
276,24.161366
277,24.045637
278,23.618757
279,23.489857
280,23.734936
281,24.15899
282,23.853828
283,24.110682
284,23.900448
285,24.233452
286,24.154247
287,23.737095
288,24.306852
289,24.352642
290,24.044628
291,24.322874
292,23.734327
293,23.991804
294,23.783623
295,23.61572
296,23.80907
297,24.089178
298,24.462133
299,23.812672
300,24.137247
301,24.171062
302,23.650227
303,24.01883
304,24.206804
305,24.098309
306,23.934395
307,23.50741
308,24.375727
309,23.876923
310,23.499569
311,23.90704
312,23.718199
313,23.8534
314,24.150536
315,23.711765
316,24.10422
317,24.71773
318,24.065313
319,24.210281
320,23.823677
321,23.476278
322,23.627037
323,23.72821
324,24.264627
325,24.164576
