3,-259.2052
4,-251.98259
5,-259.3146
6,-273.19724
7,-248.78929
8,-234.05063
9,-267.53632
10,-248.2963
11,-244.86293
12,-246.43022
13,-271.10388
14,-275.82404
15,-269.2659
16,-259.1385
17,-263.44968
18,-263.031
19,-255.333
20,-245.42908
21,-257.3642
22,-0.0
23,-0.0
24,-0.0
25,-0.0
26,-10.935516
27,-211.623
28,-237.45918
29,-215.82275
30,-245.21385
31,-236.12709
32,-220.74097
33,-255.29022
34,-229.09332
35,-225.16945
36,-218.72055
37,-221.8058
38,-223.36319
39,-241.80298
40,-238.08601
41,-230.94063
42,-239.03908
43,-236.46713
44,-315.50903
45,-359.44495
46,-353.32928
47,-364.90894
48,-372.346
49,-352.75122
50,-338.09677
51,-355.0551
52,-365.29526
53,-369.59784
54,-366.0056
55,-373.83823
56,-357.8073
57,-373.75806
58,-384.03012
59,-365.85464
60,-364.0141
61,-388.77753
62,-377.0675
63,-359.4756
64,-365.32147
65,-360.12158
66,-382.64386
67,-375.79755
68,-362.76562
69,-337.11658
70,-365.14236
71,-354.15167
72,-365.52167
73,-351.56342
74,-357.48022
75,-362.47882
76,-356.9117
77,-366.20065
78,-356.34576
79,-358.22693
80,-359.721
81,-354.81726
82,-367.44138
83,-338.7102
84,-348.0633
85,-361.34283
86,-356.21472
87,-361.17273
88,-356.08517
89,-346.1698
90,-352.8656
91,-361.30328
92,-349.158
93,-365.45068
94,-351.77502
95,-367.419
96,-366.9608
97,-342.8405
98,-372.0645
99,-331.537
100,-280.99698
101,-241.39296
102,-343.26666
103,-330.45377
104,-332.36584
105,-303.95068
106,-302.25638
107,-326.53354
108,-324.65945
109,-306.54926
110,-306.69354
111,-312.1549
112,-305.06238
113,-322.0439
114,-323.4595
115,-234.14957
116,-234.47992
117,-224.1968
118,-233.5531
119,-223.31056
120,-231.0782
121,-231.66444
122,-242.09756
123,-237.40305
124,-240.31488
125,-225.69597
126,-239.40767
127,-237.02982
128,-239.80241
129,-237.65657
130,-226.49843
131,-228.19856
132,-223.21947
133,-229.09921
134,-238.06696
135,-235.26468
136,-223.01599
137,-244.62839
138,-234.85483
139,-231.38147
140,-224.53302
141,-254.94188
142,-237.41632
143,-236.44502
144,-240.11331
145,-227.14586
146,-227.8856
147,-231.75249
148,-229.96347
149,-248.09656
150,-249.60283
151,-209.17657
152,-223.49634
153,-229.74191
154,-234.19618
155,-232.5448
156,-246.37704
157,-227.90155
158,-251.9491
159,-242.15318
160,-227.30104
161,-225.82765
162,-234.97476
163,-234.5688
164,-235.03236
165,-247.61705
166,-235.44778
167,-208.79869
168,-223.90688
169,-234.83865
170,-233.72484
171,-232.04927
172,-241.3405
173,-234.74367
174,-251.64972
175,-242.48575
176,-233.28874
177,-255.69131
178,-244.73825
179,-235.79904
180,-223.29195
181,-230.18144
182,-227.0868
183,-239.97705
184,-235.65805
186,-183.42462
186,-162.28716
187,-230.83597
188,-225.67812
189,-233.90588
190,-233.27371
191,-239.36365
192,-242.63216
193,-232.77246
194,-230.7557
195,-222.36055
196,-225.805
197,-222.64368
198,-229.86604
199,-243.30904
200,-247.98807
201,-232.91086
202,-241.1387
203,-222.90376
204,-225.57298
205,-226.32623
206,-236.53482
207,-243.0443
208,-221.10963
209,-225.65813
210,-226.31921
211,-233.99385
212,-245.14108
213,-236.42679
214,-226.54893
215,-248.77176
216,-214.73428
217,-254.4629
218,-240.36287
219,-234.88924
220,-232.20056
221,-236.9349
222,-234.9096
223,-227.28273
224,-249.55415
225,-236.69244
226,-247.65588
227,-227.6166
228,-236.83107
229,-239.5012
230,-234.8887
231,-242.03325
232,-252.4209
233,-245.87366
234,-246.87196
235,-232.9159
236,-232.51863
237,-246.20515
238,-220.78897
239,-225.92867
240,-231.2092
241,-223.76459
242,-234.30338
243,-226.59654
244,-238.54143
245,-244.47359
246,-241.7743
247,-250.15237
248,-223.51572
249,-246.58098
250,-232.82198
251,-228.00714
252,-250.55116
253,-233.51724
254,-214.95386
255,-231.5075
256,-229.01376
257,-235.58984
258,-230.86595
259,-226.12405
260,-227.9519
261,-233.61017
262,-236.98961
263,-234.61336
264,-229.44841
265,-240.77264
266,-229.33672
267,-251.40977
268,-236.15182
269,-229.25569
270,-218.23816
271,-237.1525
272,-223.86453
273,-237.01875
274,-247.32683
275,-230.95613
276,-245.60861
277,-222.64894
278,-231.53116
279,-250.23943
280,-247.52824
281,-246.61203
282,-245.31335
283,-242.41113
284,-215.15527
285,-236.88753
286,-230.4986
287,-224.6039
288,-230.23271
289,-243.4369
290,-221.52353
291,-236.62828
292,-251.52345
293,-244.23349
294,-233.37633
295,-237.13602
296,-230.16321
297,-231.9076
298,-222.48438
299,-234.31078
300,-215.54575
301,-228.82104
302,-248.37083
303,-244.22937
304,-233.15073
305,-240.19159
306,-224.01308
307,-243.43736
308,-235.62425
309,-248.66212
310,-225.82147
311,-227.04927
312,-250.25163
313,-220.18938
314,-241.47287
315,-233.48106
316,-228.52156
317,-233.45648
318,-240.1882
319,-228.12697
320,-221.96555
321,-247.81775
322,-228.96603
323,-248.4876
324,-243.5059
325,-248.12215
326,-226.11325
327,-233.77515
328,-223.20828
329,-256.20358
330,-230.0327
331,-228.2034
332,-210.20375
333,-240.13272
334,-217.44702
335,-239.78185
336,-229.02501
337,-244.18797
338,-230.65381
339,-248.3167
340,-230.12479
341,-240.9406
342,-223.3801
343,-233.42046
344,-227.54521
345,-223.08232
346,-217.08783
347,-247.45023
348,-234.05568
349,-238.8445
350,-253.07309
351,-245.62856
352,-232.05266
353,-233.03174
354,-226.81165
355,-235.44667
356,-229.15532
357,-245.74422
358,-227.16168
359,-238.96626
360,-225.8801
361,-244.99684
362,-216.63747
363,-218.23781
364,-233.37064
365,-213.77972
366,-242.12338
367,-236.61526
368,-236.17734
369,-238.1786
370,-231.56972
371,-234.9339
372,-235.3275
373,-237.00269
374,-254.3108
375,-241.79349
376,-229.14136
377,-238.34042
378,-226.42194
379,-226.83064
380,-247.1816
381,-226.12668
382,-212.99916
383,-222.49295
384,-229.43326
385,-240.1743
386,-238.998
387,-232.74525
388,-239.19102
389,-229.7656
390,-223.95566
391,-225.56477
392,-222.75822
393,-244.8132
394,-225.56409
395,-241.32397
396,-233.88066
397,-240.25868
398,-227.55391
399,-231.52821
400,-244.7855
401,-233.18219
402,-229.42555
403,-243.73555
404,-224.04515
405,-231.71223
406,-231.69118
407,-250.4749
408,-227.5729
409,-214.52603
410,-214.73233
411,-231.51715
412,-217.44809
413,-230.90245
414,-216.73085
415,-239.47827
416,-229.58127
417,-227.79095
418,-223.57098
419,-222.66919
420,-240.33864
421,-234.61812
422,-234.45035
423,-240.99652
424,-240.10464
425,-231.15903
426,-221.56728
427,-213.04013
428,-237.7718
429,-230.61482
430,-226.89337
431,-238.03847
432,-213.46266
433,-224.78186
434,-240.2629
435,-220.71455
436,-243.56589
437,-229.35683
438,-243.30336
439,-231.70706
440,-221.90115
441,-232.60092
442,-245.73141
443,-222.36624
444,-243.89746
445,-229.33699
446,-236.26479
447,-250.06194
448,-254.87128
449,-233.47174
450,-221.15492
451,-237.20503
452,-255.45027
453,-246.05765
454,-219.63446
455,-237.3767
456,-242.91464
457,-243.00932
458,-228.92393
459,-224.30891
460,-237.06358
461,-240.35674
462,-233.63577
463,-239.90744
464,-235.96297
465,-215.77818
466,-220.24283
467,-235.59584
468,-234.97778
469,-233.10408
470,-232.25636
471,-238.49332
472,-238.63416
473,-233.46555
474,-240.38297
475,-227.51591
476,-234.71013
477,-230.05429
478,-233.78918
479,-245.86491
480,-230.01775
481,-229.72958
482,-241.31451
483,-244.60448
484,-228.85222
485,-233.79576
486,-237.90167
487,-228.73564
488,-232.12355
489,-241.5416
490,-251.75758
491,-221.62323
492,-234.28375
493,-228.6309
494,-222.06505
495,-239.5781
496,-250.33577
497,-209.52278
498,-238.50891
499,-219.7879
500,-227.2152
501,-234.46198
502,-219.50722
503,-228.17604
504,-252.2821
505,-232.02232
506,-235.2082
507,-220.50293
508,-242.08855
509,-233.98285
510,-217.64702
511,-226.74721
512,-245.00381
513,-246.58714
514,-240.34798
515,-222.93045
516,-244.40979
517,-235.80582
518,-231.96977
519,-216.04471
520,-235.77188
521,-229.1588
522,-249.57346
523,-230.00269
524,-252.23444
525,-233.66121
526,-237.05232
527,-239.71193
528,-224.42072
529,-246.74066
530,-246.82884
531,-227.15309
532,-226.34926
533,-234.8925
534,-237.68509
535,-233.7458
536,-235.71297
537,-219.1774
538,-249.73312
539,-233.58078
540,-240.59494
541,-217.06314
542,-233.56422
543,-231.63422
544,-250.49728
545,-232.1537
546,-241.63582
547,-247.88383
548,-234.69925
549,-229.92577
550,-240.37361
551,-212.45567
552,-221.99272
553,-235.14503
554,-246.76598
555,-222.79335
556,-243.26797
557,-234.62425
558,-238.53073
559,-233.20908
560,-232.2004
561,-224.23851
562,-247.12563
563,-221.83319
564,-223.44276
565,-250.26115
566,-230.07248
567,-231.40929
568,-227.10715
569,-250.87439
570,-224.4625
571,-222.73436
572,-246.88521
573,-222.40988
574,-245.5506
575,-235.22528
576,-230.32584
577,-242.29689
578,-238.41765
579,-240.73363
580,-219.99998
581,-224.03342
582,-223.98276
583,-233.15741
584,-239.58662
585,-230.83578
586,-230.43417
587,-219.03738
588,-238.81888
589,-230.79878
590,-226.05894
591,-227.30948
592,-230.06537
593,-240.28891
594,-252.75137
595,-238.37492
596,-242.77235
597,-237.87718
598,-242.80905
599,-238.40125
600,-251.68784
601,-244.2053
602,-241.13028
603,-230.2912
604,-235.50978
605,-234.26588
606,-224.38498
607,-221.09862
608,-225.99463
609,-256.84454
610,-228.52034
611,-237.97308
612,-239.80482
613,-223.05472
614,-254.10742
615,-235.62903
616,-254.37193
617,-233.28337
618,-238.92996
619,-230.24771
620,-241.8614
621,-221.69958
622,-214.04997
623,-228.57512
624,-241.28203
625,-236.29156
626,-224.00343
627,-226.58324
628,-238.906
629,-240.73523
630,-245.38367
631,-237.66753
632,-251.54189
633,-221.83646
634,-231.7356
635,-239.2385
636,-239.09972
637,-238.75235
638,-237.3419
639,-228.9958
640,-229.1323
641,-241.54623
642,-226.26059
643,-227.44374
644,-230.83844
645,-224.88072
646,-221.05664
647,-225.18925
648,-228.9179
649,-229.34032
650,-241.85847
651,-238.02234
652,-244.00806
653,-234.87949
654,-223.3427
655,-231.58206
656,-218.1126
657,-236.67331
658,-231.82132
659,-241.0229
660,-232.26695
661,-228.63712
662,-236.44397
663,-210.46695
664,-220.3053
665,-213.91301
666,-223.42229
667,-248.41878
668,-220.11708
669,-219.43372
670,-244.8531
671,-222.40369
672,-247.7271
673,-228.09514
674,-225.91023
675,-215.04124
676,-239.03172
677,-239.01967
678,-251.87971
679,-244.09064
680,-235.98479
681,-240.72218
682,-215.0949
683,-218.75899
684,-225.90529
685,-233.1668
686,-225.8869
687,-236.0768
688,-230.4714
689,-223.99588
690,-228.24362
691,-218.5179
692,-231.22672
693,-239.86105
694,-228.63715
695,-248.24377
696,-244.33034
697,-253.0763
698,-215.62718
699,-245.8389
700,-226.77853
701,-219.36757
702,-231.55888
703,-241.61748
704,-242.06647
705,-229.97891
706,-238.56335
707,-236.27864
708,-246.06982
709,-236.0593
710,-252.3157
711,-260.46533
712,-231.3225
713,-231.6955
714,-246.43785
715,-246.84106
716,-249.20602
717,-234.80653
718,-225.53255
719,-228.93015
720,-224.99506
721,-235.9099
722,-233.62587
723,-238.07976
724,-248.08968
725,-241.49673
726,-236.45691
727,-232.7977
728,-231.94511
729,-222.40364
730,-214.17877
731,-229.89601
732,-228.87642
733,-256.5338
734,-216.58073
735,-248.30963
736,-235.37079
737,-226.18172
738,-229.55208
739,-231.40862
740,-247.20245
741,-239.08058
742,-226.09352
743,-228.01392
744,-235.41893
745,-249.18625
746,-224.6753
747,-239.51721
748,-230.52208
749,-245.82237
750,-239.1697
751,-236.26244
752,-255.46654
753,-232.22595
754,-218.04878
755,-228.26675
756,-250.36041
757,-238.37051
758,-226.24611
759,-238.80074
760,-221.27998
761,-246.89049
762,-250.8104
763,-244.06258
764,-223.67447
765,-223.51395
766,-249.43161
767,-225.60112
768,-241.15059
769,-227.89574
770,-231.71875
771,-246.80672
772,-234.0229
773,-235.69443
774,-224.3528
775,-230.84648
776,-244.16656
777,-228.7436
778,-220.76532
779,-250.08272
780,-241.99525
781,-243.22702
782,-241.08171
783,-227.76932
784,-236.80771
785,-240.3611
786,-235.33958
787,-240.96649
788,-238.02277
789,-228.03688
790,-216.98814
791,-231.1142
792,-224.60037
793,-244.82964
794,-229.1584
795,-234.70612
796,-243.08022
797,-233.47237
798,-218.41194
799,-238.39706
800,-251.17012
801,-244.93202
802,-223.1591
803,-223.91571
804,-237.20863
805,-231.93192
806,-250.82338
807,-224.12202
808,-223.83943
809,-223.24991
810,-228.93167
811,-218.02988
812,-245.21394
813,-238.10495
814,-245.10492
815,-242.82358
816,-216.10704
817,-240.53484
818,-220.44382
819,-240.28505
820,-235.90738
821,-226.32562
822,-239.18443
823,-226.03937
824,-233.43263
825,-236.84633
826,-231.39459
827,-225.77646
828,-235.28604
829,-244.89893
830,-252.75941
831,-254.57117
832,-239.50052
833,-231.3689
834,-234.15889
835,-232.43533
836,-247.71838
837,-235.70018
838,-228.93314
839,-230.05542
840,-236.02481
841,-230.71414
842,-241.9421
843,-222.36552
844,-230.74146
845,-251.57527
846,-238.25824
847,-240.78075
848,-223.88652
849,-227.95482
850,-227.97267
851,-238.34819
852,-234.67403
853,-227.93376
854,-239.42989
855,-251.08995
856,-233.5573
857,-239.0201
858,-253.13936
859,-210.85497
860,-251.49469
861,-235.7496
862,-243.92824
863,-249.02322
864,-232.85661
865,-249.36449
866,-229.98178
867,-249.55347
868,-254.6936
869,-226.22765
870,-217.72293
871,-235.90546
872,-229.43916
873,-236.95358
874,-231.85257
875,-230.79948
876,-242.00264
877,-238.78212
878,-215.99564
879,-223.13171
880,-231.06895
881,-229.66522
882,-250.29572
883,-235.94429
884,-250.0911
885,-230.64774
886,-236.45409
887,-229.98367
888,-234.72221
889,-228.28636
890,-243.59138
891,-222.033
892,-226.99043
893,-228.96759
894,-218.03215
895,-252.34421
896,-224.45
897,-222.6416
898,-251.3797
899,-226.4457
900,-229.41063
901,-250.39474
902,-220.82268
903,-251.52893
904,-237.04193
905,-235.68108
906,-239.12003
907,-241.83937
908,-220.23972
909,-250.262
910,-242.80815
911,-237.37358
912,-227.85255
913,-220.35995
914,-216.90704
915,-235.69893
916,-254.32999
917,-236.85448
918,-228.1372
919,-219.66957
920,-232.714
921,-230.13008
922,-252.49794
923,-240.06767
924,-224.49944
925,-235.29785
926,-247.47154
927,-224.26651
928,-242.0713
929,-236.31157
930,-234.62265
931,-221.61217
932,-236.08063
933,-230.4705
934,-230.72105
935,-236.7196
936,-225.36333
937,-234.64464
938,-232.51642
939,-247.6523
940,-238.2229
941,-224.27217
942,-230.44923
943,-234.64708
944,-246.02548
945,-232.44829
946,-238.10419
947,-217.26991
948,-256.86304
949,-255.53705
950,-225.31389
951,-228.4057
952,-251.4647
953,-243.98767
954,-233.11311
955,-244.02147
956,-251.69473
957,-226.14084
958,-243.59224
959,-227.92375
960,-224.35297
961,-243.42981
962,-245.2662
963,-221.91263
964,-237.18713
965,-237.59889
966,-237.25633
967,-218.8962
968,-240.58168
969,-245.9102
970,-227.84265
971,-230.37828
972,-236.0734
973,-227.04332
974,-226.9832
975,-224.30833
976,-224.25668
977,-240.944
978,-234.85086
979,-225.25514
980,-232.02013
981,-237.22475
982,-228.58995
983,-245.84566
984,-234.12805
985,-222.43059
986,-239.71765
987,-241.43999
988,-221.4747
989,-242.27495
990,-237.76468
991,-226.95345
992,-234.34312
993,-219.28278
994,-230.06631
995,-239.41896
996,-246.18477
997,-221.85173
998,-231.62987
999,-224.7889
1000,-228.6898
1001,-230.44594
1002,-236.77292
1003,-241.0009
1004,-234.80865
1005,-235.25345
1006,-230.24521
1007,-252.16873
1008,-225.92262
1009,-240.55565
1010,-220.35448
1011,-234.09166
1012,-216.28648
1013,-254.02422
1014,-234.46878
1015,-244.01659
1016,-234.65959
1017,-238.3352
1018,-253.73125
1019,-239.42514
1020,-235.28032
1021,-241.76569
1022,-234.63052
1023,-229.01834
1024,-231.34523
1025,-221.91698
1026,-231.3534
1027,-224.7365
1028,-246.92896
1029,-223.90367
1030,-235.62029
1031,-227.81122
1032,-241.44968
1033,-239.07419
1034,-227.3176
1035,-250.4265
1036,-247.62521
1037,-235.36226
1038,-232.54533
1039,-218.87086
1040,-242.02951
1041,-229.17863
1042,-238.53136
1043,-220.00406
1044,-232.0183
1045,-242.74713
1046,-228.55814
1047,-238.98225
1048,-245.682
1049,-230.47617
1050,-224.41772
1051,-240.11414
1052,-224.41322
1053,-233.7056
1054,-246.20377
1055,-242.34253
1056,-233.50777
1057,-218.78998
1058,-248.65685
1059,-232.45056
1060,-225.46745
1061,-221.92116
1062,-235.95215
1063,-225.05211
1064,-225.14961
1065,-248.7529
1066,-228.7001
1067,-230.139
1068,-239.12148
1069,-235.92644
1070,-226.42647
1071,-234.22295
1072,-231.05318
1073,-233.3967
1074,-232.41273
1075,-235.48357
1076,-215.79614
1077,-238.88437
1078,-243.61757
1079,-217.44768
1080,-234.54744
1081,-242.50024
1082,-222.44058
1083,-220.88007
1084,-220.03984
1085,-256.85114
1086,-233.4215
1087,-227.71135
1088,-248.75635
1089,-239.9132
1090,-216.93933
1091,-245.6817
1092,-233.95494
1093,-218.00554
1094,-229.36845
1095,-233.02408
1096,-238.86949
1097,-230.75075
1098,-249.70682
1099,-230.2131
1100,-224.22853
1101,-255.59
1102,-240.44664
1103,-237.94664
1104,-217.1615
1105,-227.04019
1106,-221.29167
1107,-238.11769
1108,-240.41536
1109,-234.67554
1110,-231.98335
1111,-240.20753
1112,-238.14531
1113,-231.6665
1114,-234.39836
1115,-253.1238
1116,-242.77498
1117,-252.68533
1118,-233.94806
1119,-245.98976
1120,-238.06427
1121,-232.54333
1122,-240.7042
1123,-243.17467
1124,-237.94083
1125,-237.83707
1126,-231.18347
1127,-230.68031
1128,-230.68275
1129,-247.52266
1130,-242.09496
1131,-251.11038
1132,-230.13504
1133,-246.61728
1134,-232.04697
1135,-248.90823
1136,-253.61183
1137,-234.40811
1138,-228.24928
1139,-243.81897
1140,-213.4726
1141,-244.95537
1142,-222.31056
1143,-227.38968
1144,-255.16876
1145,-235.2365
1146,-235.63818
1147,-212.79715
1148,-247.53241
1149,-229.9172
1150,-230.38069
1151,-246.5991
1152,-238.63951
1153,-248.70482
1154,-230.19225
1155,-234.72708
1156,-244.48859
1157,-217.53241
1158,-218.65828
1159,-217.66104
1160,-234.2436
1161,-226.21199
1162,-244.93803
1163,-217.42995
1164,-242.34709
1165,-235.18996
1166,-220.70029
1167,-222.22495
1168,-229.27748
1169,-229.30396
1170,-237.64594
1171,-235.46729
1172,-225.31248
1173,-232.78616
1174,-234.39093
1175,-249.49133
1176,-225.02097
1177,-229.50964
1178,-222.96973
1179,-222.52058
1180,-244.2008
1181,-232.38783
1182,-235.71371
1183,-258.62988
1184,-244.95648
1185,-246.20175
1186,-237.72725
1187,-242.52866
1188,-226.23044
1189,-239.43646
1190,-251.63548
1191,-243.25192
1192,-244.18073
1193,-245.68639
1194,-257.12543
1195,-239.04422
1196,-227.60585
1197,-229.1273
1198,-235.70964
1199,-225.7606
1200,-226.77188
1201,-235.71338
1202,-242.43785
1203,-229.44469
1204,-233.59317
1205,-242.19188
1206,-241.21059
1207,-222.85136
1208,-248.46721
1209,-230.77953
1210,-237.02419
1211,-242.54596
1212,-225.23494
1213,-238.27075
1214,-228.72745
1215,-237.23628
1216,-236.78523
1217,-226.73068
1218,-232.99716
1219,-217.30655
1220,-236.93013
1221,-226.9225
1222,-242.55505
1223,-229.5503
1224,-240.26059
1225,-238.72624
1226,-259.5132
1227,-221.68546
1228,-238.0473
1229,-231.86177
1230,-243.21431
1231,-236.9476
1232,-228.8509
1233,-239.22063
1234,-218.35605
1235,-224.38922
1236,-244.87643
1237,-234.6059
1238,-239.32513
1239,-247.51468
1240,-254.57378
1241,-229.10396
1242,-232.8934
1243,-241.90471
1244,-237.77408
1245,-243.20529
1246,-239.94823
1247,-240.53035
1248,-236.78897
1249,-245.9766
1250,-230.80562
1251,-233.08551
1252,-239.3954
1253,-235.51692
1254,-243.12602
1255,-245.39577
1256,-234.3655
1257,-234.52632
1258,-219.958
1259,-248.11588
1260,-238.06537
1261,-235.13751
1262,-224.64893
1263,-221.76341
1264,-223.74057
1265,-228.23291
1266,-239.9316
1267,-238.42693
1268,-240.40912
1269,-221.9466
1270,-241.79782
1271,-231.01474
1272,-239.39311
1273,-221.71796
1274,-234.79482
1275,-220.39258
1276,-244.80733
1277,-256.09158
1278,-222.07387
1279,-228.94925
1280,-236.37578
1281,-228.88776
1282,-236.01704
1283,-229.9718
1284,-234.0694
1285,-236.6666
1286,-233.5197
1287,-230.06297
1288,-223.7913
1289,-216.24423
1290,-235.04764
1291,-237.03448
1292,-220.05237
1293,-246.09248
1294,-231.91585
1295,-239.91008
1296,-222.1873
1297,-209.11693
1298,-231.03542
1299,-225.92639
1300,-222.05997
1301,-241.33533
1302,-224.63458
1303,-229.48505
1304,-231.68452
1305,-219.45567
1306,-227.2259
1307,-229.63809
1308,-229.63939
1309,-213.48026
1310,-230.63464
1311,-232.85663
1312,-246.09729
1313,-235.40363
1314,-224.5193
1315,-224.62604
1316,-231.85237
1317,-223.62605
1318,-235.64189
1319,-240.81828
1320,-240.9183
1321,-223.60797
1322,-229.15318
1323,-224.31645
1324,-248.03198
1325,-227.5521
1326,-244.70183
1327,-242.32909
1328,-234.72296
1329,-226.00302
1330,-242.33412
1331,-232.41423
1332,-223.1111
1333,-215.85318
1334,-218.95041
1335,-232.58093
1336,-245.56395
1337,-228.87854
1338,-226.22298
1339,-224.5809
1340,-228.93065
1341,-236.18376
1342,-225.46225
1343,-237.99788
1344,-221.44232
1345,-213.14726
1346,-246.24243
1347,-231.0462
1348,-237.90997
1349,-235.34885
1350,-228.17287
1351,-217.20699
1352,-230.93082
1353,-236.4976
1354,-255.5585
1355,-222.81177
1356,-230.66837
1357,-239.59773
1358,-234.56935
1359,-238.00212
1360,-240.41232
1361,-236.78989
1362,-243.6761
1363,-245.39401
1364,-244.94937
1365,-240.38089
1366,-234.72728
1367,-234.00272
1368,-237.42343
1369,-221.71115
1370,-226.68903
1371,-238.60194
1372,-227.92812
1373,-235.91083
1374,-232.70366
1375,-232.51773
1376,-245.08136
1377,-250.32527
1378,-228.57883
1379,-237.91293
1380,-231.62486
1381,-241.20341
1382,-239.44362
1383,-234.17911
1384,-233.14952
1385,-241.70657
1386,-223.04897
1387,-226.76654
1388,-225.46062
1389,-246.1661
1390,-221.82124
1391,-230.15697
1392,-213.00685
1393,-232.6385
1394,-233.17683
1395,-249.51129
1396,-238.30524
1397,-239.55035
1398,-234.65182
1399,-229.07695
1400,-230.8649
1401,-232.39314
1402,-243.35498
1403,-235.25264
1404,-243.38077
1405,-243.14845
1406,-229.7745
1407,-229.18857
1408,-247.74783
1409,-219.28127
1410,-243.10008
1411,-223.4183
1412,-235.9061
1413,-230.71704
1414,-224.42058
1415,-232.67383
1416,-228.11732
1417,-214.43462
1418,-240.526
1419,-231.92996
1420,-231.8555
1421,-239.938
1422,-243.63521
1423,-242.11375
1424,-215.9917
1425,-226.86353
1426,-225.61986
1427,-236.19283
1428,-222.78867
1429,-241.41087
1430,-242.01909
1431,-243.31914
1432,-231.52844
1433,-234.36559
1434,-248.94902
1435,-228.76418
1436,-238.05632
1437,-233.46686
1438,-217.2087
1439,-247.31665
1440,-243.43718
1441,-242.9428
1442,-231.42531
1443,-240.17104
1444,-228.01176
1445,-230.84135
1446,-234.16525
1447,-235.70654
1448,-218.57634
1449,-236.11855
1450,-232.37267
1451,-238.98369
1452,-245.82077
1453,-230.45357
1454,-232.59018
1455,-229.46579
1456,-224.15535
1457,-227.57942
1458,-223.8816
1459,-247.24869
1460,-223.77022
1461,-226.14792
1462,-234.2041
1463,-223.04413
1464,-228.29376
1465,-228.25836
1466,-235.01404
1467,-239.00322
1468,-218.37318
1469,-220.86082
1470,-240.06737
1471,-242.33856
1472,-241.61263
1473,-228.74466
1474,-218.40782
1475,-229.79797
1476,-247.53105
1477,-237.97112
1478,-233.99301
1479,-228.98508
1480,-234.24593
1481,-239.41026
1482,-240.1462
1483,-239.41095
1484,-230.95644
1485,-227.55518
1486,-228.81746
1487,-217.64246
1488,-228.95586
1489,-229.7603
1490,-232.2481
1491,-237.10031
1492,-231.54413
1493,-238.58423
1494,-236.7676
1495,-253.33513
1496,-247.25206
1497,-228.35107
1498,-212.91841
1499,-234.69286
1500,-236.82207
1501,-243.43217
1502,-241.06645
1503,-236.75821
1504,-241.53711
1505,-235.45473
1506,-247.85364
1507,-222.82404
1508,-224.08777
1509,-231.68237
1510,-231.1947
1511,-231.95505
1512,-232.60294
1513,-248.65457
1514,-225.48524
1515,-232.94435
1516,-238.97157
1517,-249.79288
1518,-245.57939
1519,-247.73561
1520,-233.48444
1521,-234.08167
1522,-234.75305
1523,-224.88832
1524,-247.7714
1525,-241.30899
1526,-235.61128
1527,-232.89758
1528,-239.87535
1529,-251.26833
1530,-237.9619
1531,-233.08679
1532,-246.69351
1533,-225.41002
1534,-232.18324
1535,-245.36623
1536,-214.22525
1537,-237.16722
1538,-241.79851
1539,-249.27325
1540,-238.27449
1541,-242.54741
1542,-250.79593
1543,-233.05576
1544,-218.33987
1545,-243.97052
1546,-225.78067
1547,-223.91917
1548,-226.2804
1549,-234.99667
1550,-234.02698
1551,-244.22656
1552,-239.43362
1553,-231.80928
1554,-239.34254
1555,-230.66075
1556,-248.06287
1557,-224.43181
1558,-248.7444
1559,-232.50127
1560,-241.13461
1561,-225.29546
1562,-244.71822
1563,-239.57417
1564,-216.61984
1565,-233.32417
1566,-234.35704
1567,-242.9347
1568,-221.08792
1569,-230.20772
1570,-243.0058
1571,-227.84848
1572,-253.14397
1573,-239.35536
1574,-231.63853
1575,-219.0659
1576,-231.33397
1577,-240.4797
1578,-247.085
1579,-235.42737
1580,-230.63756
1581,-234.91841
1582,-237.50111
1583,-233.38834
1584,-238.4094
1585,-231.87985
1586,-236.09586
1587,-240.5724
1588,-219.623
1589,-223.99571
1590,-231.44246
1591,-228.75676
1592,-215.83745
1593,-220.0314
1594,-217.68536
1595,-234.97717
1596,-237.94936
1597,-234.19974
1598,-215.33873
1599,-233.27498
1600,-241.59415
1601,-254.52582
1602,-238.04831
1603,-255.65657
1604,-218.31473
1605,-238.50958
1606,-242.92738
1607,-234.69206
1608,-216.333
1609,-214.65651
1610,-238.94406
1611,-232.27422
1612,-225.29126
1613,-229.6954
1614,-241.77007
1615,-251.68225
1616,-237.96155
1617,-231.78738
1618,-233.76942
1619,-250.87529
1620,-216.13835
1621,-227.77928
1622,-219.613
1623,-225.8286
1624,-232.20067
1625,-220.2023
1626,-236.14133
1627,-221.46313
1628,-230.42653
1629,-221.26477
1630,-242.53613
1631,-235.44576
1632,-234.07422
1633,-220.11609
1634,-245.3851
1635,-230.99408
1636,-235.18239
1637,-227.33517
1638,-240.86034
1639,-233.43549
1640,-231.08601
1641,-229.04622
1642,-224.45226
1643,-229.19072
1644,-236.68004
1645,-214.66687
1646,-231.02376
1647,-223.25757
1648,-223.77904
1649,-220.15645
1650,-255.0681
1651,-216.73573
1652,-227.10881
1653,-246.15224
1654,-239.93039
1655,-239.30478
1656,-229.12656
1657,-223.08675
1658,-240.04666
1659,-241.31894
1660,-248.91873
1661,-231.30559
1662,-235.02385
1663,-240.6603
1664,-240.04865
1665,-223.31776
1666,-222.80507
1667,-243.51224
1668,-219.13954
1669,-252.9399
1670,-233.6611
1671,-228.0525
1672,-234.5465
1673,-238.79866
1674,-239.58937
1675,-221.12914
1676,-235.84692
1677,-241.73659
1678,-237.86009
1679,-250.35635
1680,-229.9771
1681,-233.31679
1682,-235.17874
1683,-237.22754
1684,-238.5198
1685,-241.61536
1686,-226.0842
1687,-220.97746
1688,-237.07426
1689,-238.72435
1690,-232.45978
1691,-242.31444
1692,-221.58965
1693,-236.0861
1694,-233.33693
1695,-235.969
1696,-255.44547
1697,-233.66309
1698,-242.74283
1699,-248.63318
1700,-236.21489
1701,-231.03987
1702,-230.6359
1703,-233.21791
1704,-235.61407
1705,-231.13661
1706,-230.63055
1707,-238.76837
1708,-235.68953
1709,-240.91147
1710,-235.62064
1711,-219.90446
1712,-232.78792
1713,-227.64616
1714,-245.24397
1715,-228.78722
1716,-248.21059
1717,-236.69562
1718,-230.66779
1719,-213.42924
1720,-223.5163
1721,-233.27353
1722,-238.98268
1723,-251.10968
1724,-240.0154
1725,-220.80016
1726,-252.34198
1727,-241.191
1728,-231.21457
1729,-242.11804
1730,-220.85606
1731,-216.93494
1732,-245.57385
1733,-248.33424
1734,-232.61288
1735,-242.78333
1736,-252.40262
1737,-234.47766
1738,-245.43385
1739,-238.7212
1740,-232.08829
1741,-223.8818
1742,-226.44681
1743,-250.00485
1744,-225.67609
1745,-221.59581
1746,-249.98601
1747,-218.7286
1748,-215.91603
1749,-220.3336
1750,-259.41562
1751,-251.84108
1752,-239.34207
1753,-226.84581
1754,-231.2376
1755,-238.31087
1756,-226.7087
1757,-235.9044
1758,-234.19885
1759,-236.47409
1760,-227.13914
1761,-226.29099
1762,-245.23477
1763,-236.9742
1764,-229.84872
1765,-226.24048
1766,-242.21864
1767,-225.2575
1768,-243.81265
1769,-229.38432
1770,-232.56639
1771,-233.60468
1772,-237.22765
1773,-216.14984
1774,-231.45547
1775,-223.62451
1776,-248.5119
1777,-237.72935
1778,-238.1141
1779,-232.70181
1780,-228.72125
1781,-242.49406
1782,-241.73372
1783,-234.11548
1784,-244.97318
1785,-235.10265
1786,-222.61058
1787,-220.27736
1788,-231.37874
1789,-224.01324
1790,-235.4594
1791,-232.46631
1792,-232.00206
1793,-243.30951
1794,-242.86731
1795,-225.97423
1796,-242.44678
1797,-230.20763
1798,-231.92279
1799,-251.33662
1800,-243.33553
1801,-228.37398
1802,-254.30827
1803,-236.26697
1804,-228.31645
1805,-230.36334
1806,-233.89188
1807,-240.58781
1808,-247.24026
1809,-239.57753
1810,-241.49953
1811,-218.66429
1812,-234.2693
1813,-220.81876
1814,-242.87991
1815,-234.54152
1816,-230.97058
1817,-231.87337
1818,-230.34291
1819,-228.56267
1820,-227.55696
1821,-242.51767
1822,-233.811
1823,-232.81216
1824,-247.6273
1825,-231.67088
1826,-225.79831
1827,-214.31058
1828,-230.51839
1829,-242.15405
1830,-230.58575
1831,-239.61598
1832,-235.51572
1833,-226.49205
1834,-227.91768
1835,-255.00958
1836,-241.91762
1837,-227.22592
1838,-229.10458
1839,-227.95995
1840,-220.1267
1841,-246.43832
1842,-234.67014
1843,-228.51016
1844,-249.89062
1845,-245.94295
1846,-240.5492
1847,-239.63458
1848,-232.90622
1849,-227.65697
1850,-245.432
1851,-249.6918
1852,-237.2977
1853,-236.8365
1854,-250.41629
1855,-232.26245
1856,-239.30888
1857,-229.98073
1858,-250.99864
1859,-235.86246
1860,-238.44432
1861,-247.0933
1862,-231.08417
1863,-215.96942
1864,-226.45023
1865,-234.70569
1866,-236.78973
1867,-247.89066
1868,-255.8916
1869,-249.63527
1870,-235.48106
1871,-233.83128
1872,-236.09279
1873,-228.13632
1874,-229.72606
1875,-244.40906
1876,-236.40193
1877,-223.75171
1878,-221.36852
1879,-235.68767
1880,-239.37572
1881,-235.33488
1882,-247.87578
1883,-229.6075
1884,-249.09312
1885,-234.80724
1886,-247.43358
1887,-225.16498
1888,-237.60074
1889,-229.62856
1890,-232.68924
1891,-239.52867
1892,-237.36353
1893,-227.75293
1894,-240.48723
1895,-251.76515
1896,-221.39925
1897,-233.23946
1898,-251.24544
1899,-217.89125
1900,-240.35814
1901,-221.92064
1902,-224.26157
1903,-244.35121
1904,-234.92113
1905,-240.44511
1906,-214.60466
1907,-228.85599
1908,-250.90715
1909,-246.62683
1910,-225.46487
1911,-231.93147
1912,-226.71312
1913,-215.71413
1914,-235.85329
1915,-246.6192
1916,-238.79976
1917,-236.13809
1918,-218.03972
1919,-233.87582
1920,-232.93176
1921,-236.33516
1922,-231.83534
1923,-250.56665
1924,-226.67711
1925,-256.5912
1926,-235.24704
1927,-229.65698
1928,-219.16672
1929,-236.43669
1930,-227.34718
1931,-241.44608
1932,-234.34402
1933,-214.25934
1934,-231.10359
1935,-228.65479
1936,-239.85756
1937,-241.97723
1938,-238.56888
1939,-245.513
1940,-237.82913
1941,-236.54388
1942,-221.56639
1943,-236.34338
1944,-237.33337
1945,-238.05061
1946,-239.9897
1947,-245.6678
1948,-245.00175
1949,-230.78407
1950,-242.2348
1951,-228.21121
1952,-228.86047
1953,-235.0158
1954,-219.98085
1955,-253.25935
1956,-235.72853
1957,-233.15903
1958,-237.72774
1959,-217.15347
1960,-217.79938
1961,-230.06073
1962,-223.28972
1963,-231.20354
1964,-236.01395
1965,-237.08305
1966,-247.31544
1967,-236.56036
1968,-212.63817
1969,-234.24675
1970,-226.33003
1971,-225.4087
1972,-237.00096
1973,-236.27289
1974,-233.98857
1975,-241.14601
1976,-242.78862
1977,-227.50023
1978,-239.72145
1979,-233.49167
1980,-239.9089
1981,-250.89577
1982,-251.47247
1983,-231.18546
1984,-233.78166
1985,-240.9919
1986,-219.64317
1987,-229.0451
1988,-225.00046
1989,-236.90208
1990,-238.08884
1991,-234.60037
1992,-229.208
1993,-225.80841
1994,-231.89224
1995,-224.5253
1996,-232.5473
1997,-227.472
1998,-234.39537
1999,-244.45007
2000,-228.4594
2001,-241.94786
2002,-241.37398
2003,-225.95764
2004,-230.77454
2005,-238.74855
2006,-231.95053
2007,-233.7085
2008,-237.1048
2009,-221.99211
2010,-236.05263
2011,-248.95836
2012,-228.00507
2013,-228.23212
2014,-223.66333
2015,-240.55069
2016,-227.59201
2017,-242.86362
2018,-236.52756
2019,-240.45921
2020,-213.63907
2021,-233.58047
2022,-235.47142
2023,-224.03786
2024,-217.37328
2025,-232.22214
2026,-225.60097
2027,-222.72163
2028,-237.60056
2029,-252.82425
2030,-248.26172
2031,-234.01947
2032,-221.61789
2033,-213.34724
2034,-236.86256
2035,-251.17577
2036,-252.41898
2037,-238.02261
2038,-238.11661
2039,-217.47139
2040,-228.53996
2041,-214.84177
2042,-240.99426
2043,-238.1292
2044,-224.53262
2045,-253.45268
2046,-232.9168
2047,-228.81279
2048,-231.91475
2049,-242.83249
2050,-231.63834
2051,-233.526
2052,-225.6784
2053,-246.94931
2054,-239.01955
2055,-218.18146
2056,-216.37695
2057,-240.1139
2058,-247.14645
2059,-247.07664
2060,-243.39804
2061,-239.21912
2062,-226.29736
2063,-229.03777
2064,-242.49335
2065,-234.54276
2066,-229.55412
2067,-234.76965
2068,-248.54666
2069,-235.95457
2070,-248.52263
2071,-228.21173
2072,-233.09294
2073,-253.78386
2074,-248.05548
2075,-225.68968
2076,-243.57222
2077,-224.08339
2078,-232.32611
2079,-220.06667
2080,-242.3696
2081,-232.5891
2082,-244.56427
2083,-231.74162
2084,-230.91513
2085,-224.14389
2086,-214.57785
2087,-237.28827
2088,-231.42294
2089,-248.95033
2090,-246.63153
2091,-250.73866
2092,-241.05315
2093,-239.22774
2094,-241.82158
2095,-233.04419
2096,-239.07324
2097,-238.17542
2098,-246.10495
2099,-217.13011
2100,-216.93785
2101,-227.11234
2102,-239.1786
2103,-230.92665
2104,-236.5242
2105,-248.26462
2106,-236.00983
2107,-222.56485
2108,-225.23712
2109,-234.62112
2110,-245.8223
2111,-220.37735
2112,-232.87476
2113,-234.44244
2114,-243.83408
2115,-233.56819
2116,-229.67285
2117,-229.21425
2118,-241.4798
2119,-235.19882
2120,-243.49846
2121,-238.64265
2122,-229.71062
2123,-234.58183
2124,-233.55911
2125,-221.59943
2126,-225.90637
2127,-238.08113
2128,-234.50974
2129,-243.71101
2130,-223.02895
2131,-232.41997
2132,-224.41643
2133,-218.49251
2134,-239.84734
2135,-234.2028
2136,-247.05399
2137,-231.26411
2138,-247.33604
2139,-224.77478
2140,-235.25803
2141,-223.43681
2142,-230.56671
2143,-239.56139
2144,-226.11336
2145,-246.61125
2146,-238.91098
2147,-217.38571
2148,-229.66972
2149,-221.35605
2150,-232.65282
2151,-242.07832
2152,-224.88846
2153,-237.87346
2154,-217.10518
2155,-256.63055
2156,-244.40475
2157,-234.94278
2158,-229.4693
2159,-217.99797
2160,-236.026
2161,-244.1996
2162,-229.95697
2163,-217.68951
2164,-228.16566
2165,-230.598
2166,-233.90001
2167,-258.62946
2168,-241.92421
2169,-236.5374
2170,-239.48196
2171,-233.71857
2172,-217.92488
2173,-225.27267
2174,-233.0545
2175,-231.46286
2176,-226.9738
2177,-245.75218
2178,-255.6475
2179,-226.52481
2180,-246.85738
2181,-227.88528
2182,-235.98312
2183,-234.46434
2184,-243.75473
2185,-224.84161
2186,-241.0012
2187,-242.77023
2188,-223.43628
2189,-230.79659
2190,-248.82828
2191,-238.25829
2192,-246.7852
2193,-236.81618
2194,-250.6488
2195,-240.17358
2196,-234.32108
2197,-239.06435
2198,-231.03906
2199,-230.93011
2200,-227.83525
2201,-223.77542
2202,-239.08273
2203,-230.70375
2204,-232.18202
2205,-229.47542
2206,-248.68936
2207,-227.77292
2208,-250.1526
2209,-229.74382
2210,-243.97318
2211,-220.98528
2212,-238.51884
2213,-231.10033
2214,-241.94528
2215,-223.19582
2216,-237.30508
2217,-243.49275
2218,-247.46042
2219,-213.78755
2220,-237.05385
2221,-244.82133
2222,-228.59895
2223,-222.16188
2224,-238.35008
2225,-231.91827
2226,-246.6791
2227,-224.71384
2228,-230.93652
2229,-212.9085
2230,-240.7715
2231,-236.88135
2232,-232.3652
2233,-255.43237
2234,-220.43199
2235,-235.94637
2236,-218.06566
2237,-218.10663
2238,-225.8793
2239,-214.56071
2240,-243.28004
2241,-233.62344
2242,-241.66284
2243,-243.1299
2244,-223.80647
2245,-241.70961
2246,-230.84818
2247,-234.20274
2248,-225.12598
2249,-235.09538
2250,-230.27422
2251,-226.12787
2252,-222.25595
2253,-233.68723
2254,-243.65907
2255,-252.52686
2256,-235.39543
2257,-228.5762
2258,-251.50993
2259,-228.58772
2260,-228.70766
2261,-228.87566
2262,-229.37881
2263,-228.56285
2264,-239.13391
2265,-243.42934
2266,-234.4046
2267,-227.88513
2268,-234.22356
2269,-237.69646
2270,-235.1596
2271,-226.12648
2272,-252.69264
2273,-234.7757
2274,-231.60812
2275,-247.1907
2276,-233.48663
2277,-243.76244
2278,-219.22272
2279,-225.5104
2280,-224.91989
2281,-255.67749
2282,-223.14537
2283,-220.47325
2284,-226.30127
2285,-228.7474
2286,-243.94798
2287,-257.22168
2288,-230.34492
2289,-242.53212
2290,-238.6428
2291,-248.05664
2292,-221.51588
2293,-232.0684
2294,-250.46059
2295,-240.62157
2296,-256.71158
2297,-233.32764
2298,-211.54533
2299,-231.38824
2300,-227.77817
2301,-235.47119
2302,-235.18951
2303,-241.0775
2304,-235.14664
2305,-248.89755
2306,-247.28203
2307,-241.04759
2308,-232.976
2309,-234.48608
2310,-246.65482
2311,-220.2224
2312,-231.22581
2313,-239.86153
2314,-220.59769
2315,-241.45103
2316,-233.36754
2317,-246.19217
2318,-233.25584
2319,-227.3455
2320,-220.23102
2321,-245.31471
2322,-214.52629
2323,-240.14763
2324,-235.2259
2325,-244.79652
2326,-242.47597
2327,-232.55356
2328,-249.46999
2329,-237.1334
2330,-222.07611
2331,-249.33281
2332,-233.77815
2333,-256.2719
2334,-225.32396
2335,-234.34557
2336,-237.66992
2337,-241.21149
2338,-221.68329
2339,-243.10098
2340,-222.61346
2341,-232.4653
2342,-248.84645
2343,-235.28238
2344,-227.47354
2345,-242.6623
2346,-246.08163
2347,-222.27106
2348,-235.34555
2349,-233.29012
