3,22.30165
4,21.916716
5,22.032791
6,22.449532
7,22.305185
8,21.651966
9,22.141232
10,21.92372
11,21.961414
12,22.047407
13,22.874413
14,22.493763
15,22.188118
16,21.965815
17,21.721624
18,21.814089
19,22.025515
20,21.887814
21,22.5999
22,21.680904
23,21.61027
24,21.499002
25,22.03632
26,22.10759
27,20.899353
28,20.924374
29,21.028744
30,21.29052
31,21.25526
32,21.159336
33,21.27638
34,21.339134
35,20.798939
36,21.369225
37,21.032108
38,20.898338
39,20.953856
40,21.451094
41,21.201515
42,21.436127
43,20.991356
44,20.618116
45,20.888002
46,21.48186
47,21.439528
48,21.377558
49,20.839294
50,20.507727
51,21.16446
52,21.807259
53,20.093422
54,20.154812
55,20.060484
56,19.870049
57,20.412964
58,20.385298
59,19.567944
60,20.278625
61,20.51731
62,20.64585
63,19.690437
64,20.16729
65,19.74418
66,20.622726
67,20.740507
68,20.064936
69,20.390396
70,21.032385
71,20.77706
72,21.420395
73,20.821735
74,21.002832
75,21.364826
76,20.985188
77,20.914055
78,20.728464
79,21.531988
80,20.976212
81,20.57275
82,21.1636
83,20.258755
84,20.269201
85,21.266888
86,20.88018
87,21.226818
88,21.19368
89,20.5727
90,20.642479
91,21.220078
92,20.936
93,20.935396
94,20.939144
95,21.487923
96,21.630836
97,20.629663
98,21.394129
99,21.372051
100,21.401926
101,20.897503
102,21.038208
103,22.100903
104,22.165014
105,21.424694
106,21.951286
107,22.070396
108,21.586483
109,21.719858
110,21.42459
111,22.257143
112,21.695883
113,21.874908
114,21.773066
115,22.65228
116,21.814665
117,21.23653
118,20.994986
119,20.927752
120,21.25682
121,21.233414
122,21.393055
123,21.294136
124,21.711197
125,21.646095
126,21.16206
127,21.55935
128,21.139292
129,21.485613
130,21.21645
131,21.338049
132,20.956991
133,20.939806
134,21.253103
135,21.294521
136,20.70856
137,21.307224
138,21.25397
139,20.999363
140,21.100166
141,21.742516
142,21.328976
143,21.09774
144,20.788788
145,20.747036
146,20.950514
147,21.499771
148,21.05348
149,21.332363
150,21.770395
151,20.771515
152,21.28294
153,21.54877
154,21.263699
155,21.332174
156,21.374586
157,21.689152
158,20.930782
159,21.261976
160,21.507845
161,21.011007
162,21.701511
163,21.19271
164,21.403112
165,21.672714
166,21.199776
167,21.111847
168,21.14037
169,20.886154
170,21.214346
171,21.190697
172,21.450779
173,21.439743
174,21.163061
175,21.258396
176,21.255144
177,21.645655
178,21.558937
179,21.22682
180,20.984673
181,21.486612
182,21.266657
183,20.939522
184,20.884087
185,21.49009
186,21.195244
187,21.26843
188,21.360952
189,21.570494
190,20.932915
191,20.98611
192,21.722336
193,20.971563
194,21.123667
195,20.969019
196,21.274858
197,20.850775
198,21.340939
199,21.016026
200,21.43917
201,21.358717
202,20.89566
203,21.554226
204,21.468113
205,21.205523
206,21.038933
207,21.325836
208,21.387007
209,21.210556
210,21.017786
211,21.011143
212,21.1516
213,21.171385
214,21.258495
215,21.290928
216,20.796726
217,21.344656
218,21.80091
219,21.07323
220,21.572538
221,21.26689
222,21.221008
223,21.34976
224,21.059622
225,21.30969
226,21.238413
227,21.520346
228,21.34634
229,21.25132
230,21.186413
231,20.93022
232,21.167654
233,21.601908
234,21.199562
235,21.34557
236,20.913338
237,21.183346
238,21.110828
239,21.309544
240,21.179893
241,21.37033
242,21.489782
243,21.243605
244,21.385376
245,21.005516
246,21.751333
247,21.4393
248,21.343914
249,21.25126
250,21.194258
251,21.025185
252,21.413498
253,21.322802
254,21.24768
255,21.096043
256,21.6405
257,21.106937
258,21.242853
259,20.906479
260,21.286459
261,20.853275
262,21.261642
263,21.060541
264,21.350561
265,21.382277
266,21.233643
267,21.149794
268,21.26359
269,21.225689
270,20.968918
271,21.464113
272,21.223455
273,21.165823
274,21.230022
275,21.63282
276,20.891708
277,21.522263
278,21.228895
279,21.659325
280,21.67137
281,21.067877
282,21.219234
283,21.352865
284,21.17642
285,21.13423
286,21.390305
287,20.89805
288,21.46331
289,21.09713
290,20.901423
291,21.121399
292,20.95813
293,21.262142
294,21.279873
295,21.74202
296,21.359556
297,21.121313
298,21.465677
299,21.282341
300,21.069008
301,21.364904
302,21.588846
303,20.919804
304,20.842321
305,21.294926
306,21.281258
307,21.351803
308,21.300215
309,21.238781
310,21.241013
311,21.681313
312,21.00625
313,21.518883
314,21.589417
315,21.126831
316,20.9925
317,21.226398
318,21.607416
319,21.608582
320,21.342623
321,21.516033
322,21.296366
323,21.047615
324,21.19577
325,21.41126
326,21.075815
327,20.884607
328,21.097992
329,21.477818
330,21.493704
331,21.38355
332,20.865253
333,21.319149
334,20.96307
335,21.06541
336,20.75471
337,21.394497
338,21.527262
339,21.283016
340,21.394236
341,21.47694
342,20.712074
343,21.138493
344,20.766598
345,21.38937
346,20.800396
347,21.379337
348,21.27377
349,21.345486
350,21.372795
351,21.515825
352,21.441685
353,21.345165
354,21.35682
355,20.889448
356,21.483322
357,21.584743
358,21.604738
359,21.61187
360,21.336807
361,21.58197
362,21.11997
363,21.207226
364,20.871801
365,21.080906
366,21.505127
367,21.289104
368,21.326878
369,21.238777
370,21.123606
371,21.398415
372,21.493986
373,21.267113
374,21.254555
375,20.969517
376,20.858685
377,21.499334
378,21.471428
379,21.167995
380,21.233498
381,21.231129
382,21.389397
383,21.455921
384,20.816053
385,21.392113
386,21.207752
387,21.248487
388,21.249285
389,20.775383
390,21.449015
391,21.631123
392,20.985506
393,21.454578
394,21.312107
395,21.213024
396,21.39539
397,20.942194
398,21.33935
399,21.233467
400,21.694326
401,21.192612
402,21.330124
403,20.956251
404,21.519955
405,21.53443
406,21.59248
407,21.670788
408,21.080893
409,21.084906
410,21.440907
411,21.026299
412,21.032738
413,21.148266
414,20.805338
415,21.463099
416,21.214201
417,21.202274
418,20.915512
419,21.534687
420,20.986208
421,21.108467
422,21.01746
423,21.352654
424,21.308918
425,20.84898
426,20.77051
427,21.338787
428,21.351696
429,21.154015
430,20.996126
431,21.144165
432,21.07629
433,20.815495
434,21.33686
435,21.19271
436,21.267054
437,21.184532
438,21.138721
439,21.370686
440,20.822891
441,21.633436
442,21.595558
443,20.949047
444,20.926775
445,21.078506
446,21.13768
447,21.13924
448,21.136028
449,21.54077
450,21.097233
451,20.967999
452,21.496487
453,21.746422
454,21.344418
455,21.287853
456,21.247265
457,21.519075
458,21.251028
459,21.329653
460,21.178125
461,20.989391
462,21.190191
463,21.265007
464,21.303125
465,20.905766
466,21.061245
467,20.879862
468,21.315422
469,21.037907
470,21.245441
471,21.679314
472,21.494144
473,21.0146
474,21.196877
475,21.174934
476,21.206156
477,21.484564
478,21.239529
479,21.174894
480,21.483444
481,21.261719
482,21.053112
483,20.956987
484,21.094343
485,21.04383
486,21.629648
487,21.26142
488,21.258795
489,21.451931
490,21.241423
491,21.085474
492,21.015663
493,21.199566
494,21.090767
495,21.123299
496,21.47792
497,21.145256
498,21.121227
499,21.131296
500,21.265299
501,21.629946
502,20.728611
503,21.036272
504,21.443806
505,21.263489
506,21.263266
507,21.172634
508,20.976404
509,21.70256
510,21.194187
511,21.282732
512,21.304361
513,21.187595
514,21.437765
515,21.287079
516,21.380146
517,21.03144
518,21.510899
519,21.531841
520,21.40892
521,20.843025
522,21.660965
523,21.02413
524,21.457495
525,21.315369
526,20.976915
527,21.167126
528,21.500813
529,21.513123
530,21.868996
531,21.177626
532,21.462723
533,21.159227
534,21.4519
535,21.417456
536,21.56843
537,21.533705
538,21.619637
539,21.439161
540,21.260607
541,20.80514
542,20.948437
543,21.073853
544,21.288157
545,21.298273
546,20.92947
547,21.690437
548,20.968403
549,20.94326
550,21.202166
551,21.10755
552,21.58239
553,21.07639
554,21.427769
555,21.156593
556,21.372925
557,21.298838
558,21.647457
559,20.911457
560,20.84056
561,21.389473
562,21.528618
563,21.617334
564,21.604172
565,21.701225
566,21.313421
567,21.38986
568,21.026342
569,21.089943
570,21.204466
571,21.12088
572,20.93357
573,20.911339
574,21.368732
575,21.07125
576,21.394234
577,20.93504
578,20.964214
579,21.169466
580,21.268475
581,21.517334
582,21.011724
583,21.562107
584,21.434198
585,21.246609
586,21.342365
587,20.75607
588,21.663187
589,20.931786
590,21.436077
591,21.32705
592,21.329824
593,20.937769
594,21.633467
595,21.336689
596,21.598305
597,21.140848
598,21.44419
599,21.031149
600,21.401495
601,21.659134
602,20.898436
603,21.234274
604,20.802063
605,21.53368
606,21.202717
607,20.860249
608,21.348171
609,20.984585
610,21.508253
611,21.174925
612,21.282347
613,21.15444
614,21.359938
615,21.304268
616,21.021648
617,21.664875
618,21.501455
619,21.287205
620,21.601166
621,21.129646
622,20.730844
623,21.259148
624,21.064445
625,21.322578
626,21.290236
627,21.622326
628,21.050465
629,21.14516
630,20.92308
631,21.425888
632,21.435139
633,21.229053
634,21.226742
635,21.599512
636,20.899101
637,21.267616
638,21.117504
639,20.788368
640,21.093681
641,21.337646
642,21.494202
643,20.948137
644,21.412895
645,21.384594
646,20.974455
647,21.324614
648,21.34477
649,21.544191
650,21.616848
651,21.5706
652,21.45998
653,20.920303
654,21.60039
655,21.183355
656,21.06762
657,20.95963
658,21.567041
659,21.353588
660,20.88243
661,21.279356
662,21.2765
663,21.47954
664,21.545647
665,20.83244
666,21.450542
667,21.447454
668,20.836061
669,21.11379
670,21.23655
671,21.38295
672,21.177488
673,21.195217
674,21.330463
675,20.744617
676,21.458414
677,21.665247
678,21.765333
679,21.113861
680,21.507597
681,21.587196
682,21.23696
683,20.892616
684,21.52073
685,20.898113
686,20.77561
687,21.271784
688,21.397835
689,21.151669
690,21.167883
691,21.237734
692,21.198503
693,21.193388
694,21.175203
695,21.063683
696,21.410831
697,21.658222
698,21.489557
699,21.099823
700,21.364601
701,21.378992
702,21.09121
703,21.433945
704,21.23313
705,21.076008
706,21.464201
707,21.605076
708,20.93344
709,21.235336
710,21.333765
711,21.355927
712,21.001192
713,21.257832
714,20.971718
715,21.638004
716,21.75956
717,21.243744
718,20.911242
719,21.239265
720,21.02211
721,21.117432
722,21.44217
723,21.328081
724,21.025633
725,21.284037
726,21.506046
727,20.887606
728,21.027191
729,20.78202
730,21.037447
731,20.887405
732,21.260612
733,21.643726
734,21.15704
735,21.663727
736,21.152418
737,20.697325
738,21.57376
739,20.974415
740,21.751957
741,21.64595
742,21.015982
743,20.984907
744,21.200798
745,21.382078
746,21.143517
747,21.396772
748,21.389265
749,21.604193
750,20.938389
751,21.330124
752,21.373402
753,21.561522
754,21.523727
755,21.498104
756,21.354252
757,21.37312
758,21.2169
759,21.647919
760,21.218334
761,21.328178
762,21.414707
763,21.520031
764,20.941841
765,20.87569
766,21.29449
767,21.008804
768,21.763317
769,20.972956
770,21.0074
771,20.972279
772,21.267693
773,21.286701
774,21.259888
775,21.165857
776,21.200333
777,21.382067
778,21.568975
779,21.281649
780,21.560188
781,21.503323
782,21.174622
783,21.034948
784,21.736439
785,21.430168
786,21.44267
787,21.368473
788,21.081268
789,20.97882
790,20.656223
791,20.946136
792,21.345884
793,21.243492
794,20.935593
795,21.21641
796,21.341799
797,21.20155
798,20.894417
799,20.816908
800,21.114006
801,21.024303
802,21.219814
803,21.512575
804,21.596401
805,21.296764
806,21.373161
807,21.05657
808,20.886028
809,20.744549
810,21.066463
811,20.834097
812,21.5346
813,21.014679
814,21.301365
815,21.623194
816,20.847832
817,21.253199
818,21.142677
819,21.282238
820,21.163418
821,21.476051
822,21.347301
823,21.182068
824,21.45765
825,21.251423
826,21.259684
827,21.119656
828,21.39855
829,21.238285
830,21.280586
831,21.141212
832,21.042614
833,21.277115
834,20.967724
835,21.068987
836,20.931343
837,21.60749
838,20.930197
839,21.079903
840,21.651638
841,21.395374
842,21.254568
843,21.13493
844,21.34559
845,21.735075
846,21.292385
847,21.74488
848,21.039457
849,21.174513
850,21.47311
851,21.076927
852,21.41348
853,21.375301
854,20.89747
855,20.923138
856,21.199566
857,21.54347
858,21.05714
859,21.177881
860,21.858969
861,21.238659
862,21.824436
863,21.274586
864,21.133926
865,21.417778
866,21.370548
867,21.2872
868,21.657936
869,21.196548
870,20.91855
871,21.563185
872,21.317026
873,20.954678
874,21.36613
875,21.688679
876,21.1969
877,21.363707
878,21.120064
879,20.837885
880,20.926735
881,21.619698
882,21.660152
883,21.464142
884,21.288801
885,21.216583
886,21.223398
887,20.865723
888,21.307615
889,21.262177
890,21.304111
891,21.151669
892,21.169558
893,20.834036
894,20.839666
895,21.108397
896,21.14618
897,21.075962
898,21.056818
899,21.230392
900,21.334333
901,21.36156
902,20.83017
903,21.103245
904,21.605045
905,21.456972
906,21.231907
907,21.485657
908,21.373882
909,21.298264
910,21.404081
911,21.138828
912,21.515705
913,20.841555
914,20.955956
915,20.940104
916,21.137415
917,21.287971
918,21.131563
919,21.230284
920,21.36535
921,21.641533
922,21.757782
923,21.346718
924,21.195795
925,21.375923
926,21.313145
927,21.261068
928,20.95309
929,20.878828
930,20.918325
931,20.895893
932,21.54069
933,21.190641
934,21.095238
935,21.254309
936,21.499704
937,21.212856
938,21.566196
939,21.344843
940,21.353367
941,21.044641
942,21.47697
943,21.520178
944,21.305286
945,21.158367
946,21.428082
947,21.41811
948,21.69476
949,21.599499
950,21.021984
951,21.18681
952,21.406185
953,21.352448
954,21.257807
955,21.16684
956,21.466711
957,21.62666
958,21.190262
959,21.50953
960,20.780834
961,21.708826
962,21.396912
963,21.417019
964,21.437874
965,21.362026
966,21.451452
967,20.945526
968,21.307041
969,21.833517
970,21.189188
971,20.99198
972,20.80606
973,21.172432
974,21.304214
975,21.062532
976,21.335938
977,21.25866
978,21.000736
979,21.370556
980,21.60193
981,21.570427
982,21.384007
983,21.39956
984,21.146227
985,21.038996
986,21.556376
987,21.449537
988,20.923662
989,21.236536
990,21.152153
991,21.179056
992,20.83937
993,21.065329
994,21.38725
995,21.664236
996,21.393671
997,21.23515
998,21.301937
999,21.128618
1000,21.174274
1001,21.195946
1002,21.463747
1003,21.353046
1004,21.350513
1005,21.01823
1006,20.954252
1007,20.99613
1008,21.204079
1009,21.188633
1010,21.59927
1011,21.185352
1012,21.511425
1013,21.440947
1014,20.96481
1015,21.474915
1016,21.232597
1017,21.067873
1018,21.368738
1019,21.042925
1020,21.369175
1021,21.786818
1022,21.583065
1023,21.237375
1024,21.030848
1025,20.852955
1026,21.19432
1027,21.07158
1028,21.4143
1029,21.21735
1030,21.176844
1031,21.197466
1032,21.521782
1033,21.421007
1034,20.775429
1035,21.254105
1036,21.229782
1037,21.062014
1038,21.320354
1039,21.359638
1040,21.236687
1041,21.381237
1042,21.133207
1043,20.850616
1044,20.95141
1045,21.212152
1046,21.216927
1047,21.237701
1048,20.917086
1049,21.174686
1050,21.314056
1051,21.638214
1052,21.458714
1053,21.192036
1054,21.659449
1055,21.71157
1056,21.156654
1057,21.347141
1058,21.602127
1059,21.193918
1060,21.413338
1061,21.377419
1062,21.033195
1063,21.084366
1064,21.398191
1065,21.690245
1066,21.215734
1067,21.44933
1068,20.945995
1069,21.256447
1070,21.459929
1071,21.618095
1072,21.549435
1073,21.397213
1074,21.03776
1075,21.346704
1076,21.458195
1077,21.21467
1078,21.327927
1079,20.906046
1080,21.250923
1081,21.368267
1082,20.916763
1083,20.91219
1084,21.055344
1085,21.336979
1086,20.9552
1087,21.34089
1088,21.700611
1089,20.998075
1090,20.845524
1091,21.272532
1092,21.275703
1093,21.467106
1094,21.164984
1095,21.054838
1096,21.244389
1097,21.215673
1098,21.281132
1099,21.260674
1100,21.653492
1101,21.60525
1102,21.01635
1103,20.851229
1104,21.40644
1105,21.030243
1106,21.304043
1107,21.19879
1108,21.257614
1109,21.197258
1110,21.20228
1111,21.612442
1112,21.339867
1113,21.321323
1114,21.50927
1115,20.997433
1116,21.152704
1117,21.00569
1118,21.537329
1119,21.031239
1120,21.366518
1121,21.336143
1122,21.242874
1123,21.348755
1124,21.604946
1125,21.356697
1126,21.252502
1127,21.374357
1128,21.339703
1129,21.584152
1130,20.888792
1131,21.425304
1132,21.234234
1133,21.12905
1134,21.386694
1135,21.379755
1136,21.087765
1137,20.916555
1138,21.188387
1139,21.606823
1140,21.139925
1141,21.286583
1142,21.448002
1143,21.643436
1144,21.139885
1145,21.34508
1146,20.947754
1147,21.468887
1148,21.802908
1149,21.324913
1150,21.014784
1151,21.488894
1152,21.14216
1153,21.240314
1154,21.323772
1155,21.257637
1156,21.185572
1157,21.14698
1158,21.361835
1159,21.186588
1160,21.094238
1161,21.03057
1162,21.234291
1163,21.101397
1164,21.051094
1165,21.016552
1166,21.460732
1167,21.31133
1168,20.880894
1169,21.53447
1170,20.956572
1171,21.327215
1172,20.843502
1173,21.563486
1174,20.812712
1175,21.340374
1176,21.312542
1177,21.281103
1178,21.153809
1179,21.141281
1180,21.17747
1181,21.203388
1182,21.437084
1183,21.306755
1184,21.385847
1185,21.274935
1186,21.582047
1187,21.31587
1188,20.692942
1189,21.14091
1190,21.406694
1191,21.452288
1192,21.542103
1193,21.401167
1194,21.40675
1195,21.602127
1196,21.531836
1197,21.575493
1198,21.42847
1199,21.135248
1200,21.540327
1201,21.746195
1202,21.362896
1203,20.976622
1204,21.195011
1205,21.530687
1206,21.22002
1207,21.245453
1208,21.233276
1209,21.341726
1210,21.222338
1211,21.23029
1212,21.301378
1213,20.836185
1214,21.581535
1215,21.577415
1216,21.27248
1217,20.954912
1218,21.208681
1219,21.238348
1220,21.120142
1221,20.938793
1222,21.159622
1223,21.576723
1224,21.02114
1225,21.42446
1226,21.062145
1227,21.010403
1228,21.076796
1229,21.270128
1230,21.59097
1231,21.297585
1232,20.898281
1233,21.477589
1234,21.176157
1235,21.271122
1236,21.469856
1237,21.315968
1238,21.31115
1239,21.061335
1240,21.775679
1241,20.80076
1242,21.108856
1243,21.74905
1244,21.632172
1245,21.334797
1246,21.342237
1247,21.181335
1248,21.219978
1249,21.239792
1250,21.347609
1251,21.327122
1252,21.293192
1253,21.507448
1254,21.177382
1255,21.653286
1256,21.26466
1257,21.618248
1258,21.07743
1259,21.372736
1260,21.125183
1261,21.116684
1262,20.880386
1263,21.284433
1264,21.34431
1265,21.192743
1266,21.433628
1267,21.083391
1268,21.646473
1269,21.293118
1270,21.546722
1271,21.138363
1272,21.446928
1273,21.2415
1274,21.165218
1275,21.424347
1276,21.6239
1277,21.38512
1278,21.0825
1279,21.384207
1280,21.110767
1281,21.34026
1282,21.480799
1283,21.355726
1284,20.922127
1285,20.976007
1286,21.094082
1287,21.256756
1288,21.268879
1289,21.207918
1290,21.029615
1291,21.23676
1292,21.37623
1293,21.441586
1294,21.119814
1295,21.275887
1296,20.75409
1297,21.120525
1298,21.60041
1299,21.076399
1300,21.23549
1301,21.224783
1302,20.984085
1303,20.977295
1304,20.887585
1305,21.144094
1306,21.061218
1307,21.005615
1308,21.524973
1309,21.218405
1310,21.331293
1311,20.839895
1312,20.9058
1313,21.650938
1314,21.384827
1315,21.523745
1316,21.059149
1317,21.28284
1318,21.019188
1319,21.03653
1320,21.183668
1321,21.298246
1322,21.270689
1323,21.332651
1324,21.606804
1325,20.98022
1326,21.663181
1327,21.537106
1328,20.98864
1329,20.939716
1330,21.099365
1331,21.25661
1332,20.921862
1333,21.153635
1334,21.54965
1335,21.151117
1336,21.56535
1337,20.876904
1338,20.96003
1339,21.285053
1340,21.225977
1341,20.935846
1342,21.158876
1343,20.995922
1344,21.074812
1345,21.185474
1346,21.071135
1347,20.908157
1348,21.283445
1349,21.57615
1350,21.461205
1351,21.446894
1352,21.181082
1353,21.260103
1354,21.337666
1355,21.45872
1356,21.197514
1357,21.739155
1358,21.242517
1359,21.3036
1360,20.844366
1361,20.939522
1362,20.978325
1363,21.690765
1364,21.552046
1365,20.94042
1366,20.831259
1367,21.311329
1368,21.274515
1369,20.848145
1370,21.349102
1371,21.165537
1372,20.824518
1373,21.469437
1374,21.106018
1375,21.237696
1376,21.600082
1377,21.707766
1378,21.357956
1379,21.359571
1380,21.094849
1381,21.210766
1382,21.343428
1383,21.315979
1384,20.844923
1385,20.91324
1386,20.785183
1387,21.236958
1388,20.89332
1389,20.97225
1390,21.192038
1391,21.060543
1392,21.235146
1393,21.305634
1394,20.896557
1395,21.599815
1396,20.859112
1397,21.32537
1398,21.319197
1399,21.211374
1400,21.32867
1401,21.492247
1402,21.04896
1403,21.246498
1404,21.427984
1405,21.057064
1406,21.399452
1407,21.20347
1408,21.474398
1409,21.47539
1410,21.362106
1411,21.142328
1412,20.912266
1413,21.391342
1414,21.617672
1415,21.337858
1416,21.199883
1417,21.14149
1418,21.334688
1419,21.604748
1420,21.301512
1421,21.234776
1422,21.403757
1423,20.916222
1424,21.212336
1425,20.763687
1426,21.602325
1427,21.347729
1428,20.807335
1429,21.202122
1430,21.220734
1431,21.32404
1432,20.917526
1433,21.114365
1434,21.388382
1435,20.875984
1436,21.449797
1437,20.9055
1438,20.86915
1439,21.723495
1440,21.002165
1441,21.202684
1442,21.270588
1443,20.997807
1444,21.452581
1445,20.930424
1446,21.542925
1447,21.342176
1448,21.201258
1449,21.64399
1450,21.50256
1451,21.252077
1452,21.476206
1453,21.018726
1454,21.51299
1455,21.174698
1456,21.164106
1457,21.179594
1458,21.052921
1459,21.2937
1460,20.82088
1461,21.55997
1462,21.573853
1463,21.24759
1464,21.391665
1465,21.580532
1466,21.24966
1467,21.500107
1468,21.37665
1469,21.243563
1470,20.98474
1471,21.46267
1472,21.298498
1473,21.533054
1474,21.156933
1475,21.3398
1476,21.063328
1477,21.245249
1478,21.409306
1479,21.445335
1480,21.56042
1481,21.029518
1482,21.446278
1483,20.987837
1484,21.29174
1485,21.350567
1486,21.167814
1487,21.46098
1488,20.852528
1489,21.237137
1490,21.091316
1491,20.967758
1492,21.384834
1493,21.504318
1494,20.983746
1495,21.302425
1496,21.24443
1497,20.91759
1498,20.787014
1499,21.213203
1500,20.971416
1501,21.354622
1502,21.371103
1503,21.482296
1504,21.259258
1505,21.250303
1506,21.681263
1507,21.19704
1508,21.515625
1509,20.891718
1510,21.50353
1511,21.673557
1512,21.190828
1513,21.396523
1514,21.053663
1515,21.648098
1516,21.41311
1517,21.294994
1518,21.519438
1519,21.261162
1520,21.197147
1521,21.617573
1522,21.305645
1523,21.155289
1524,21.580973
1525,21.461205
1526,21.023367
1527,21.328571
1528,20.95171
1529,21.366081
1530,21.7501
1531,21.344618
1532,21.200342
1533,21.26151
1534,21.394394
1535,21.776394
1536,21.106678
1537,20.964785
1538,21.215431
1539,21.64022
1540,21.224945
1541,21.22947
1542,21.092108
1543,21.713415
1544,21.435219
1545,21.060326
1546,20.870895
1547,21.575272
1548,21.158295
1549,21.5643
1550,21.219723
1551,21.113182
1552,21.162722
1553,21.721447
1554,21.650331
1555,21.397835
1556,21.367805
1557,20.91028
1558,21.411299
1559,21.291351
1560,20.925417
1561,20.891844
1562,21.278015
1563,21.252249
1564,20.903728
1565,20.962523
1566,21.695866
1567,21.260616
1568,21.16687
1569,21.503384
1570,21.566835
1571,21.026442
1572,21.291767
1573,21.345808
1574,20.7663
1575,20.783703
1576,21.242517
1577,21.25472
1578,21.38847
1579,21.414175
1580,21.264317
1581,21.71916
1582,21.249563
1583,20.933271
1584,20.915909
1585,21.278381
1586,21.220642
1587,20.988157
1588,21.08252
1589,21.128223
1590,21.252674
1591,21.607948
1592,21.174229
1593,21.13392
1594,21.110487
1595,21.642754
1596,20.81582
1597,21.338898
1598,21.167812
1599,21.50216
1600,21.66523
1601,21.31889
1602,21.603407
1603,21.334457
1604,21.218922
1605,21.549183
1606,21.541018
1607,21.560823
1608,21.171906
1609,20.860888
1610,21.05507
1611,20.87682
1612,21.054962
1613,20.951027
1614,21.698214
1615,21.738066
1616,21.355173
1617,21.387657
1618,21.235586
1619,21.357
1620,21.230967
1621,21.104769
1622,20.843185
1623,21.158272
1624,20.838993
1625,21.081297
1626,20.92473
1627,21.290806
1628,20.983404
1629,20.722818
1630,21.750383
1631,20.828354
1632,21.14573
1633,21.092537
1634,21.244297
1635,21.22022
1636,21.466757
1637,21.160734
1638,21.120424
1639,21.21254
1640,21.491686
1641,21.413052
1642,21.198498
1643,21.019323
1644,21.54536
1645,21.108751
1646,21.177546
1647,21.5508
1648,20.854755
1649,21.280449
1650,21.043114
1651,21.081392
1652,21.235645
1653,21.675396
1654,21.626045
1655,21.596647
1656,21.30424
1657,21.431528
1658,21.243746
1659,21.440948
1660,21.388239
1661,21.003704
1662,21.62769
1663,21.308826
1664,21.572548
1665,21.505764
1666,21.210884
1667,21.24948
1668,21.22454
1669,21.497417
1670,21.231693
1671,20.888626
1672,21.13965
1673,21.185102
1674,21.379555
1675,20.779202
1676,21.416683
1677,21.702295
1678,21.685633
1679,21.376827
1680,21.43811
1681,20.873852
1682,21.101313
1683,21.63749
1684,21.255106
1685,21.578516
1686,21.257992
1687,21.09682
1688,21.623154
1689,21.27116
1690,21.182417
1691,20.933262
1692,21.5865
1693,21.638458
1694,20.883135
1695,21.137627
1696,21.097015
1697,21.115831
1698,21.299252
1699,21.424154
1700,21.575603
1701,21.230042
1702,20.944538
1703,21.370459
1704,21.339214
1705,20.851143
1706,21.190699
1707,21.309969
1708,21.339926
1709,21.363504
1710,21.745296
1711,20.763771
1712,21.222584
1713,21.145285
1714,20.945705
1715,21.293968
1716,21.358814
1717,21.224014
1718,21.701769
1719,20.796482
1720,21.162024
1721,21.662815
1722,21.238123
1723,21.647245
1724,21.242954
1725,21.288906
1726,21.300976
1727,21.496157
1728,21.596684
1729,21.543077
1730,21.18052
1731,21.056719
1732,21.163158
1733,21.364004
1734,21.31971
1735,21.623152
1736,21.374758
1737,21.730064
1738,21.640553
1739,21.759775
1740,21.154419
1741,20.798038
1742,21.081028
1743,21.574633
1744,21.213076
1745,21.616423
1746,21.389013
1747,20.740503
1748,20.97654
1749,21.47688
1750,21.40616
1751,21.46979
1752,21.376736
1753,21.543598
1754,21.309845
1755,21.247278
1756,20.817076
1757,21.127571
1758,21.419357
1759,21.293903
1760,21.636265
1761,21.02344
1762,21.363422
1763,21.458385
1764,21.603695
1765,20.927776
1766,21.527061
1767,21.530603
1768,21.718334
1769,21.287973
1770,21.394009
1771,21.107353
1772,21.417881
1773,21.14405
1774,21.258184
1775,21.267061
1776,21.400356
1777,21.769432
1778,21.14031
1779,21.327553
1780,21.406149
1781,21.629976
1782,21.34587
1783,21.587662
1784,21.365194
1785,20.863064
1786,21.131641
1787,21.207153
1788,20.9916
1789,21.262508
1790,21.499838
1791,21.03079
1792,21.486324
1793,21.08467
1794,21.69582
1795,21.376984
1796,21.310537
1797,20.743168
1798,21.538504
1799,21.115658
1800,21.204515
1801,21.684107
1802,21.421318
1803,21.555243
1804,21.227894
1805,21.194864
1806,21.142012
1807,21.29092
1808,21.321856
1809,21.063116
1810,20.890213
1811,21.219175
1812,21.54414
1813,20.8339
1814,21.637756
1815,21.033804
1816,21.518139
1817,21.542816
1818,21.69801
1819,20.904827
1820,21.223938
1821,21.679745
1822,21.613817
1823,21.31383
1824,21.645597
1825,21.708271
1826,21.161121
1827,21.428461
1828,21.16722
1829,21.009775
1830,21.342005
1831,21.039257
1832,21.020151
1833,21.208538
1834,21.47277
1835,21.74574
1836,21.14628
1837,21.222652
1838,21.28907
1839,20.830553
1840,20.8521
1841,21.492306
1842,21.582262
1843,21.133472
1844,21.704453
1845,21.236464
1846,21.400616
1847,21.62947
1848,21.409971
1849,21.669159
1850,21.596495
1851,21.072119
1852,20.934336
1853,21.462568
1854,21.48626
1855,21.06662
1856,21.410992
1857,21.380602
1858,21.356169
1859,21.328827
1860,21.120676
1861,21.21479
1862,21.50476
1863,21.151596
1864,21.074244
1865,21.611376
1866,21.604347
1867,21.351994
1868,21.741936
1869,21.32216
1870,21.418621
1871,21.192982
1872,21.503212
1873,21.234863
1874,21.075687
1875,20.96767
1876,21.238964
1877,21.231354
1878,21.568588
1879,21.152714
1880,20.927307
1881,21.033983
1882,21.241076
1883,21.481155
1884,21.44954
1885,21.558365
1886,21.231333
1887,21.090046
1888,21.510098
1889,21.525429
1890,21.304293
1891,20.876
1892,21.267292
1893,21.126585
1894,21.42213
1895,21.333858
1896,21.176493
1897,21.137232
1898,21.360077
1899,20.87932
1900,21.444237
1901,21.086624
1902,21.140675
1903,21.402765
1904,21.17213
1905,21.169666
1906,21.204758
1907,21.067356
1908,21.758453
1909,21.171488
1910,20.933802
1911,21.09335
1912,20.9175
1913,21.12074
1914,21.42123
1915,21.426167
1916,20.914524
1917,21.272339
1918,21.125126
1919,21.509981
1920,21.694452
1921,20.967852
1922,21.513145
1923,21.349546
1924,20.958235
1925,21.400116
1926,21.20675
1927,21.355375
1928,21.422554
1929,20.891552
1930,20.767872
1931,21.149906
1932,21.245466
1933,20.8047
1934,21.563463
1935,21.236862
1936,20.972828
1937,21.320892
1938,20.86197
1939,21.688107
1940,21.179237
1941,20.91292
1942,21.522266
1943,21.151134
1944,21.66366
1945,21.11259
1946,21.634146
1947,21.430782
1948,21.3925
1949,21.708628
1950,21.55796
1951,20.883564
1952,21.517286
1953,20.82059
1954,20.999252
1955,21.321491
1956,21.467113
1957,21.086983
1958,21.568018
1959,21.42899
1960,20.823927
1961,21.234669
1962,21.454922
1963,21.599775
1964,21.618559
1965,21.261894
1966,21.452791
1967,21.135101
1968,21.19149
1969,21.167389
1970,20.850245
1971,21.506609
1972,21.247513
1973,21.387009
1974,20.935446
1975,21.423622
1976,21.114197
1977,21.405527
1978,21.606707
1979,21.24199
1980,20.979958
1981,21.608242
1982,21.387619
1983,21.558119
1984,21.024412
1985,21.387901
1986,20.82362
1987,21.046076
1988,21.232908
1989,20.95604
1990,21.610357
1991,21.27229
1992,21.662838
1993,20.86888
1994,21.09306
1995,20.842697
1996,20.871372
1997,21.397755
1998,20.939875
1999,21.507551
2000,21.12331
2001,21.520498
2002,21.158865
2003,21.237034
2004,21.070852
2005,21.155516
2006,20.937714
2007,21.255905
2008,21.607536
2009,21.588646
2010,21.323196
2011,21.472458
2012,21.643612
2013,20.862053
2014,20.965782
2015,21.017035
2016,21.557068
2017,21.533245
2018,21.016474
2019,21.077173
2020,21.094402
2021,20.938496
2022,21.62574
2023,21.228794
2024,21.115221
2025,21.331318
2026,21.50758
2027,21.57773
2028,21.51854
2029,21.047596
2030,21.677452
2031,20.947392
2032,21.12706
2033,21.053814
2034,21.28947
2035,21.40707
2036,21.195484
2037,21.300898
2038,21.452877
2039,20.814949
2040,21.578035
2041,21.22568
2042,21.237423
2043,21.63897
2044,21.033684
2045,21.058477
2046,21.14128
2047,21.204763
2048,21.093464
2049,21.766909
2050,21.334164
2051,21.09839
2052,21.612528
2053,21.26014
2054,21.431267
2055,21.179823
2056,21.20548
2057,21.000597
2058,21.482315
2059,21.442678
2060,21.579226
2061,21.437346
2062,21.138927
2063,21.263561
2064,21.643707
2065,21.08236
2066,21.077808
2067,21.609293
2068,21.223557
2069,21.134203
2070,21.296646
2071,20.792181
2072,21.321848
2073,21.340544
2074,21.36074
2075,21.241087
2076,21.202587
2077,21.328201
2078,21.229462
2079,21.589499
2080,21.348118
2081,21.318018
2082,21.29572
2083,21.262516
2084,20.950874
2085,21.222275
2086,20.788158
2087,21.599766
2088,21.091568
2089,21.668491
2090,21.68222
2091,21.305511
2092,21.229664
2093,21.287315
2094,20.88182
2095,20.905107
2096,21.177938
2097,21.42617
2098,21.490704
2099,21.51454
2100,21.059063
2101,21.14089
2102,21.4381
2103,21.678589
2104,21.162945
2105,21.07164
2106,21.23504
2107,20.767275
2108,21.147043
2109,21.209759
2110,20.908445
2111,21.445232
2112,21.137577
2113,21.730394
2114,21.304436
2115,21.690725
2116,20.936165
2117,21.47493
2118,21.073898
2119,21.3949
2120,21.626493
2121,21.251316
2122,21.34001
2123,20.964895
2124,21.630709
2125,21.02653
2126,21.188347
2127,21.172016
2128,21.249033
2129,21.478039
2130,21.148788
2131,20.780128
2132,21.082325
2133,20.900051
2134,21.524235
2135,21.353674
2136,21.00189
2137,21.346409
2138,21.249598
2139,20.81614
2140,21.18359
2141,21.210234
2142,20.900118
2143,21.254984
2144,20.923084
2145,21.184135
2146,21.433973
2147,21.12723
2148,21.216335
2149,21.029318
2150,21.028154
2151,20.997185
2152,21.272669
2153,21.559433
2154,20.742512
2155,21.383595
2156,21.455822
2157,21.56778
2158,20.81696
2159,21.452526
2160,21.632551
2161,21.20963
2162,21.031487
2163,21.24353
2164,21.186749
2165,21.521166
2166,21.557577
2167,21.716133
2168,21.182247
2169,21.403912
2170,21.231567
2171,20.92129
2172,21.164562
2173,21.591408
2174,21.560427
2175,21.600883
2176,21.308067
2177,21.028685
2178,21.624735
2179,21.234085
2180,21.50061
2181,21.165733
2182,21.643389
2183,21.254059
2184,21.707314
2185,21.1578
2186,21.394463
2187,21.032383
2188,21.291945
2189,21.453754
2190,21.80405
2191,21.505981
2192,21.067043
2193,20.953617
2194,21.54296
2195,21.355038
2196,21.18319
2197,21.176502
2198,21.06577
2199,21.123055
2200,21.632107
2201,21.505774
2202,21.09198
2203,21.397055
2204,20.978123
2205,20.722578
2206,21.550829
2207,20.927822
2208,21.52597
2209,21.311218
2210,21.466045
2211,20.812584
2212,20.932981
2213,21.488846
2214,20.925787
2215,21.52493
2216,21.203684
2217,21.157827
2218,21.428722
2219,21.009775
2220,21.481953
2221,21.759619
2222,21.218847
2223,21.286829
2224,21.643024
2225,21.002491
2226,21.609661
2227,20.988787
2228,21.200613
2229,21.18309
2230,21.501852
2231,21.335022
2232,21.029158
2233,21.316692
2234,21.174644
2235,21.214214
2236,21.498203
2237,20.854277
2238,21.213427
2239,21.165283
2240,21.340672
2241,21.362392
2242,20.972061
2243,21.646734
2244,20.84568
2245,21.750221
2246,20.880575
2247,21.627224
2248,20.87957
2249,21.31023
2250,20.842638
2251,21.164707
2252,21.242458
2253,21.262762
2254,21.095938
2255,21.618328
2256,21.323172
2257,21.267353
2258,21.398306
2259,21.527771
2260,21.378471
2261,21.48079
2262,20.8857
2263,21.588308
2264,21.250252
2265,21.70075
2266,21.617231
2267,20.786488
2268,21.240957
2269,21.386106
2270,20.825794
2271,21.151443
2272,21.403378
2273,20.958578
2274,21.619188
2275,21.233528
2276,21.508543
2277,21.315731
2278,21.299744
2279,21.087475
2280,21.357056
2281,21.392803
2282,20.841482
2283,21.198208
2284,21.502787
2285,21.295118
2286,21.187553
2287,21.390686
2288,21.648853
2289,21.340841
2290,21.183823
2291,21.447943
2292,21.12897
2293,21.642626
2294,21.795513
2295,20.989353
2296,21.087101
2297,21.502417
2298,20.846817
2299,21.25534
2300,21.276112
2301,21.127455
2302,21.570017
2303,21.426325
2304,21.276762
2305,21.594986
2306,21.383001
2307,21.165009
2308,21.062853
2309,21.335253
2310,21.064468
2311,21.373766
2312,20.827345
2313,21.089455
2314,21.578445
2315,21.570007
2316,21.027721
2317,21.367645
2318,20.96584
2319,20.847664
2320,21.468323
2321,21.616068
2322,21.046982
2323,20.982395
2324,21.321043
2325,21.612534
2326,21.500519
2327,21.7128
2328,21.302532
2329,21.20119
2330,21.31107
2331,21.750671
2332,21.48
2333,21.043095
2334,21.480783
2335,20.956512
2336,21.211542
2337,21.273342
2338,21.072657
2339,21.667965
2340,21.407541
2341,21.205103
2342,21.660622
2343,21.109055
2344,20.984509
2345,21.287437
2346,21.68077
2347,21.135677
2348,21.10074
2349,21.33984
