3,-192.57248
4,-256.95514
5,-207.21242
6,-261.77777
7,-174.447
8,-0.0
9,-0.0
10,-0.0
11,-0.59135437
12,-100.64476
13,-261.26874
14,-287.78336
15,-289.90656
16,-268.98364
17,-294.72055
18,-296.98938
19,-304.4076
20,-293.84937
21,-278.1907
22,-293.0163
23,-280.42142
24,-227.02008
25,-212.5871
26,-202.83719
27,-208.16388
28,-223.91545
29,-215.35596
30,-225.10457
31,-210.83615
32,-217.88625
33,-213.88753
34,-207.67827
35,-225.58797
36,-222.15565
37,-221.89198
38,-215.01607
39,-311.27438
40,-341.37177
41,-391.76382
42,-369.42963
43,-388.38916
44,-292.17438
45,-285.9702
46,-291.43427
47,-289.89386
48,-218.86221
49,-15.10817
50,-0.0
51,-0.0
52,-0.0
53,-0.0
54,-99.64035
55,-250.28046
56,-213.81424
57,-238.209
58,-244.68773
59,-221.25015
60,-238.49548
61,-228.35503
62,-237.0447
63,-265.40826
64,-322.58987
65,-365.27133
66,-356.3058
67,-355.27203
68,-275.53662
69,-279.16132
70,-265.87143
71,-260.40503
72,-278.81738
73,-265.7704
74,-252.92657
75,-221.56953
76,-0.0
77,-0.0
78,-0.0
79,-0.0
80,-0.0
81,-0.0
82,-0.0
83,-0.0
84,-0.0
85,-0.0
86,-0.0
87,-0.0
88,-0.0
89,-0.0
90,-0.0
91,-0.0
92,-0.0
93,-0.0
94,-0.0
95,-0.0
96,-0.0
97,-0.0
98,-0.0
99,-0.0
100,-0.0
101,-0.0
102,-0.0
103,-0.0
104,-0.0
105,-0.0
106,-0.0
107,-0.0
108,-0.0
109,-0.0
110,-0.0
111,-0.0
112,-0.0
113,-0.0
114,-0.0
115,-0.0
116,-0.0
117,-0.0
118,-0.0
119,-0.0
120,-0.0
121,-0.0
122,-0.0
123,-0.0
124,-0.0
125,-0.0
126,-0.0
127,-0.0
128,-0.0
129,-0.0
130,-0.0
131,-0.0
132,-0.0
133,-0.0
134,-0.0
135,-0.0
136,-0.0
137,-0.0
138,-0.0
139,-0.0
140,-0.0
141,-0.0
142,-0.0
143,-0.0
144,-0.0
145,-0.0
146,-0.0
147,-0.0
148,-0.0
149,-0.0
150,-0.0
151,-0.0
152,-0.0
153,-0.0
154,-0.0
155,-0.0
156,-0.0
157,-0.0
158,-0.0
159,-0.0
160,-0.0
161,-0.0
162,-0.0
163,-0.0
164,-0.0
165,-0.0
166,-0.0
167,-0.0
168,-0.0
169,-0.0
170,-0.0
171,-0.0
172,-0.0
173,-0.0
174,-0.0
175,-0.0
176,-0.0
177,-0.0
178,-0.0
179,-0.0
180,-0.0
181,-0.0
182,-0.0
183,-0.0
184,-0.0
185,-0.0
186,-0.0
187,-0.0
188,-0.0
189,-0.0
190,-0.0
191,-0.0
192,-0.0
193,-0.0
194,-0.0
195,-0.0
196,-0.0
197,-0.0
198,-0.0
199,-0.0
200,-0.0
201,-0.0
202,-0.0
203,-0.0
204,-0.0
205,-0.0
206,-0.0
207,-0.0
208,-0.0
209,-0.0
210,-0.0
211,-0.0
212,-0.0
213,-0.0
214,-0.0
215,-0.0
216,-0.0
217,-0.0
218,-0.0
219,-0.0
220,-0.0
221,-0.0
222,-0.0
223,-0.0
224,-0.0
225,-0.0
226,-0.0
227,-0.0
228,-0.0
229,-0.0
230,-0.0
231,-0.0
232,-0.0
233,-0.0
234,-0.0
235,-0.0
236,-0.0
237,-0.0
238,-0.0
239,-0.0
240,-0.0
241,-0.0
242,-0.0
243,-0.0
244,-0.0
245,-0.0
246,-0.0
247,-0.0
248,-0.0
249,-0.0
250,-0.0
251,-0.0
252,-0.0
253,-0.0
254,-0.0
255,-0.0
256,-0.0
257,-0.0
258,-0.0
259,-0.0
260,-0.0
261,-0.0
262,-0.0
263,-0.0
264,-0.0
265,-0.0
266,-0.0
267,-0.0
268,-0.0
269,-0.0
270,-0.0
271,-0.0
272,-0.0
273,-0.0
274,-0.0
275,-0.0
276,-0.0
277,-0.0
278,-0.0
279,-0.0
280,-0.0
281,-0.0
282,-0.0
283,-0.0
284,-0.0
285,-0.0
286,-0.0
287,-0.0
288,-0.0
289,-0.0
290,-0.0
291,-0.0
292,-0.0
293,-0.0
294,-0.0
295,-0.0
296,-0.0
297,-0.0
298,-0.0
299,-0.0
300,-0.0
301,-0.0
302,-0.0
303,-0.0
304,-0.0
305,-0.0
306,-0.0
307,-0.0
308,-0.0
309,-0.0
310,-0.0
311,-0.0
312,-0.0
313,-0.0
314,-0.0
315,-0.0
316,-0.0
317,-0.0
318,-0.0
319,-0.0
320,-0.0
321,-0.0
322,-0.0
323,-0.0
324,-0.0
325,-0.0
