3,22.31846
4,22.000725
5,22.212328
6,22.016228
7,22.114616
8,21.776497
9,22.165018
10,21.915888
11,22.067656
12,22.150393
13,22.258938
14,22.098875
15,22.149994
16,22.12276
17,21.878628
18,21.859627
19,22.061295
20,21.9758
21,22.097206
22,21.034208
23,21.016861
24,21.204233
25,21.400728
26,19.87944
27,19.581463
28,19.685362
29,19.874632
30,20.157621
31,20.034079
32,19.943302
33,20.082127
34,19.91037
35,19.77255
36,20.259706
37,19.61292
38,19.712685
39,19.913137
40,19.997541
41,19.88217
42,20.365099
43,19.550867
44,19.937653
45,20.114548
46,20.184519
47,19.87175
48,19.988436
49,20.043575
50,19.56174
51,19.897238
52,20.16654
53,19.900135
54,20.045351
55,20.06262
56,19.469803
57,19.86135
58,20.153322
59,19.773962
60,19.993525
61,20.098469
62,20.472618
63,19.541077
64,20.093634
65,19.765617
66,20.198965
67,20.14388
68,19.58937
69,19.616667
70,19.688831
71,20.151625
72,19.966293
73,20.030655
74,20.022804
75,20.221985
76,19.963718
77,20.206936
78,19.807901
79,20.101927
80,20.061588
81,20.034845
82,19.787174
83,19.724104
84,19.862911
85,19.98907
86,19.63538
87,19.997993
88,20.334648
89,19.655281
90,20.053236
91,19.898829
92,19.932526
93,20.218096
94,19.997835
95,20.268147
96,20.346838
97,19.595724
98,20.503075
99,20.201712
100,20.481163
101,20.046322
102,21.972097
103,21.953007
104,22.070286
105,21.674068
106,21.804655
107,22.069239
108,21.91048
109,21.948145
110,21.696587
111,22.315968
112,22.025734
113,22.141693
114,22.132547
115,20.116089
116,20.098982
117,19.973585
118,19.765347
119,19.623346
120,20.042196
121,19.927689
122,20.089762
123,19.947805
124,20.210049
125,20.329037
126,19.994474
127,19.908424
128,19.976196
129,20.15808
130,19.999634
131,19.998339
132,19.653389
133,19.751501
134,20.028687
135,20.03031
136,19.68797
137,19.962524
138,19.99697
139,19.640846
140,19.983564
141,20.393536
142,20.114098
143,20.110975
144,19.803059
145,19.757114
146,19.52312
147,20.1557
148,19.9462
149,19.922663
150,20.298546
151,19.4117
152,19.861795
153,20.306902
154,19.994093
155,20.00553
156,20.017916
157,20.177713
158,19.863552
159,20.108805
160,20.249117
161,20.033018
162,20.15079
163,19.932661
164,19.870987
165,20.221762
166,20.153149
167,19.729734
168,19.845272
169,19.682217
170,20.151833
171,20.02261
172,19.92462
173,19.935297
174,19.813862
175,20.21542
176,20.000477
177,20.42483
178,20.404045
179,19.884226
180,19.614038
181,20.318092
182,19.760803
183,19.664951
184,19.6859
186,20.176146
186,19.014273
187,19.938404
188,19.931505
189,20.2724
190,19.682081
191,19.74094
192,20.442595
193,19.680323
194,20.16509
195,19.55883
196,19.865406
197,19.680622
198,19.893425
199,19.695162
200,19.916044
201,19.992844
202,19.89272
203,20.124292
204,20.313738
205,19.952148
206,19.801407
207,20.104542
208,20.339909
209,19.947277
210,20.019993
211,19.571783
212,19.706764
213,20.054338
214,19.78346
215,20.210098
216,19.625591
217,20.221859
218,20.338938
219,20.070816
220,20.265585
221,19.891531
222,20.185928
223,19.855505
224,19.912693
225,19.912493
226,20.164003
227,20.379114
228,19.972698
229,20.170225
230,20.170925
231,19.898277
232,19.8021
233,20.422495
234,19.67516
235,19.951532
236,19.66028
237,20.09648
238,20.041788
239,20.309282
240,19.984587
241,20.316467
242,20.228172
243,19.96513
244,19.997244
245,19.69071
246,20.20334
247,20.137821
248,19.880901
249,20.144112
250,19.95145
251,19.531887
252,20.041197
253,20.02485
254,19.906252
255,20.03311
256,20.176895
257,20.108322
258,20.084341
259,19.651712
260,19.961393
261,19.846617
262,20.014303
263,20.085737
264,19.92607
265,20.08838
266,20.017372
267,19.778336
268,20.023352
269,19.97
270,19.952152
271,20.310577
272,20.068886
273,20.079884
274,19.719097
275,20.079777
276,19.867874
277,20.138815
278,20.058228
279,20.260021
280,20.33171
281,19.730171
282,20.122536
283,20.119432
284,19.7857
285,20.056808
286,19.963942
287,19.760218
288,20.351795
289,19.631498
290,19.679861
291,20.19017
292,19.902573
293,20.121687
294,20.122086
295,20.143387
296,19.934383
297,20.073631
298,20.28861
299,20.019728
300,19.934402
301,19.846521
302,20.352142
303,19.83495
304,19.80466
305,20.00973
306,19.861977
307,19.971758
308,20.018452
309,20.07616
310,19.739737
311,20.28285
312,19.852243
313,20.066328
314,20.15887
315,19.59192
316,19.604376
317,19.96849
318,20.270756
319,20.221365
320,19.893702
321,19.945799
322,20.090025
323,19.837317
324,20.060362
325,19.977083
326,19.682741
327,19.664963
328,20.116364
329,20.154387
330,20.173073
331,19.874922
332,19.510761
333,20.041056
334,19.588943
335,19.549513
336,19.830736
337,20.134066
338,20.184631
339,20.067717
340,19.967945
341,20.315245
342,19.674784
343,20.106163
344,19.811075
345,20.406378
346,19.68911
347,20.09263
348,20.03591
349,20.002073
350,20.069876
351,20.081345
352,20.345144
353,19.965641
354,20.340487
355,19.687328
356,20.220846
357,20.444798
358,20.07508
359,20.279533
360,19.972878
361,20.454473
362,19.965334
363,19.837769
364,19.63738
365,19.873974
366,19.972631
367,20.108692
368,20.052656
369,19.953651
370,20.063116
371,19.93309
372,20.465525
373,20.058676
374,20.061066
375,19.740734
376,19.65107
377,20.43092
378,20.309923
379,19.925852
380,20.174608
381,19.969193
382,20.162445
383,20.243185
384,19.724804
385,19.851145
386,20.138319
387,19.936958
388,19.982616
389,19.862404
390,20.292818
391,20.199
392,20.08129
393,19.984386
394,19.908749
395,20.198027
396,20.000729
397,19.87076
398,19.98461
399,19.926777
400,20.208488
401,19.909225
402,19.905464
403,19.842924
404,20.343401
405,20.189669
406,20.257092
407,20.500927
408,19.616798
409,19.859673
410,20.047213
411,19.613258
412,19.872355
413,20.049658
414,19.654076
415,20.284983
416,19.985779
417,19.954012
418,19.568789
419,20.201876
420,19.69186
421,19.772089
422,19.556347
423,20.073017
424,20.000996
425,19.737051
426,19.616194
427,20.137545
428,20.002535
429,20.075003
430,19.980341
431,20.063429
432,19.877697
433,19.715313
434,20.026632
435,19.98602
436,20.12442
437,19.985355
438,20.02911
439,20.342093
440,19.666397
441,20.311058
442,20.425974
443,19.52548
444,19.832132
445,19.98328
446,20.14908
447,19.858295
448,19.826382
449,20.260302
450,19.922638
451,19.772741
452,20.181236
453,20.395397
454,20.340721
455,20.087486
456,20.22187
457,20.36879
458,19.8123
459,19.935392
460,20.033638
461,19.73181
462,19.945074
463,20.188202
464,20.012608
465,19.53145
466,19.813858
467,19.765455
468,20.069553
469,19.669441
470,19.967213
471,20.31356
472,20.389265
473,19.699001
474,20.168987
475,19.975231
476,20.162834
477,20.118534
478,19.96478
479,20.120152
480,20.116426
481,20.084751
482,19.776129
483,19.850016
484,20.110209
485,19.565413
486,20.40591
487,20.032507
488,19.925077
489,19.918694
490,20.13373
491,19.875702
492,19.786163
493,19.973188
494,19.919334
495,19.749342
496,20.054205
497,19.7565
498,19.540047
499,19.881872
500,19.747858
501,20.122852
502,19.717047
503,19.704575
504,20.05794
505,20.069595
506,19.996325
507,19.861437
508,19.770155
509,20.285625
510,19.846388
511,19.801836
512,19.974825
513,19.65105
514,19.891514
515,19.98731
516,20.119467
517,19.818693
518,20.229656
519,20.079388
520,20.243404
521,19.657127
522,20.470768
523,19.569624
524,20.056383
525,19.832762
526,19.822632
527,19.985228
528,20.31932
529,20.454424
530,20.295906
531,19.978954
532,20.316586
533,20.022055
534,20.363289
535,19.897879
536,20.3166
537,20.138847
538,20.452406
539,19.931656
540,20.001272
541,19.690119
542,19.718618
543,19.64102
544,20.130608
545,19.965136
546,19.708174
547,20.219345
548,19.706165
549,19.635868
550,20.182007
551,19.763956
552,20.105192
553,19.606546
554,20.08566
555,19.958977
556,20.001251
557,19.85223
558,20.28671
559,19.699968
560,19.819416
561,20.34761
562,20.314209
563,20.1442
564,20.30708
565,20.284018
566,19.861298
567,19.974562
568,19.538177
569,19.719765
570,19.9146
571,20.161392
572,19.711292
573,19.736803
574,20.035324
575,20.075853
576,19.963614
577,19.783968
578,19.679913
579,20.138372
580,19.88771
581,20.32477
582,20.122152
583,20.251226
584,19.858145
585,19.94289
586,19.932547
587,19.54742
588,20.329262
589,19.627035
590,20.289673
591,19.836407
592,19.891869
593,19.702093
594,20.509321
595,20.100708
596,20.358953
597,20.069674
598,19.9356
599,19.833277
600,20.035784
601,20.292608
602,19.878853
603,19.91299
604,19.806496
605,20.261044
606,20.03738
607,19.592524
608,19.943415
609,19.860723
610,20.2909
611,20.069372
612,20.000734
613,19.964836
614,20.24585
615,20.06902
616,19.937212
617,20.285717
618,20.424713
619,20.094946
620,20.309877
621,19.947575
622,19.575174
623,20.012962
624,19.762753
625,19.956194
626,19.891066
627,20.264381
628,19.867216
629,19.623474
630,19.818401
631,20.327854
632,20.073376
633,19.777826
634,20.049416
635,20.294003
636,19.854355
637,19.976505
638,20.075916
639,19.870014
640,20.119284
641,19.93338
642,20.237791
643,19.675453
644,20.453423
645,20.338928
646,19.564373
647,20.304462
648,19.88128
649,20.333124
650,20.16832
651,20.330067
652,19.864775
653,19.887037
654,20.169615
655,20.113306
656,19.836742
657,19.637367
658,20.204966
659,20.07061
660,19.818523
661,19.840332
662,19.91724
663,20.121109
664,20.222105
665,19.551035
666,20.252615
667,20.105864
668,19.639744
669,20.036966
670,19.63575
671,20.422827
672,19.652386
673,19.988941
674,19.843182
675,19.632513
676,19.990265
677,20.319141
678,20.31556
679,19.729338
680,20.25728
681,20.278027
682,19.908401
683,19.77651
684,20.204325
685,19.66865
686,19.759678
687,20.06059
688,19.956446
689,19.97166
690,19.928507
691,19.904716
692,19.88632
693,19.63027
694,19.97901
695,19.767073
696,19.846785
697,20.328712
698,20.052435
699,19.760237
700,20.3656
701,20.28001
702,19.671614
703,19.925663
704,19.968914
705,20.010332
706,20.37155
707,20.21633
708,19.876146
709,20.104652
710,20.075596
711,20.233858
712,19.665924
713,19.92928
714,19.748014
715,20.318245
716,20.469383
717,19.953947
718,19.651363
719,20.022259
720,19.64271
721,19.64905
722,19.93626
723,20.11641
724,19.82584
725,20.017721
726,20.280617
727,19.668901
728,19.740515
729,19.85064
730,19.861393
731,19.607435
732,19.802347
733,20.408821
734,19.961563
735,20.389784
736,20.162292
737,19.755117
738,20.1195
739,19.478153
740,20.170242
741,20.444883
742,20.028805
743,19.727943
744,20.022593
745,19.940153
746,19.972113
747,20.08066
748,19.898102
749,20.432205
750,19.661104
751,20.081284
752,20.170383
753,20.356462
754,20.155796
755,20.266428
756,19.976707
757,20.03693
758,20.103823
759,20.43781
760,20.00202
761,19.881094
762,20.022186
763,20.353268
764,19.584969
765,19.735418
766,20.142248
767,20.03371
768,20.235466
769,19.638128
770,19.716015
771,19.770458
772,19.99343
773,20.02705
774,19.877106
775,20.09611
776,19.719482
777,19.914755
778,20.07786
779,20.14224
780,20.355017
781,20.368114
782,20.137646
783,20.089489
784,20.241884
785,19.888304
786,19.941154
787,19.82349
788,19.673956
789,19.556677
790,19.6338
791,19.65835
792,19.947044
793,20.153418
794,19.764439
795,20.203495
796,20.091455
797,19.945631
798,19.568192
799,19.758347
800,19.750694
801,19.727901
802,19.85992
803,20.294989
804,20.236086
805,19.947802
806,20.232658
807,19.662151
808,19.721783
809,19.820948
810,19.99376
811,19.714073
812,20.391582
813,19.835321
814,19.92399
815,20.33011
816,19.443607
817,20.162682
818,19.915514
819,19.978762
820,20.052372
821,20.312176
822,20.01905
823,20.07642
824,20.419992
825,20.075405
826,19.952202
827,19.856567
828,20.255766
829,20.152096
830,20.159023
831,19.836857
832,19.8768
833,19.954147
834,19.715836
835,19.705383
836,19.895592
837,20.134296
838,19.707556
839,20.151094
840,20.351841
841,20.330402
842,20.06054
843,19.939295
844,19.933502
845,20.34484
846,20.087597
847,20.148197
848,19.986572
849,19.950384
850,20.220203
851,19.676727
852,20.22035
853,19.993183
854,19.861311
855,19.825418
856,19.946314
857,20.216318
858,19.756823
859,19.784185
860,20.322664
861,19.894167
862,20.330612
863,20.19791
864,20.138807
865,19.998695
866,20.231642
867,20.101753
868,20.541168
869,19.959608
870,19.582672
871,20.308271
872,19.859386
873,19.745827
874,19.816267
875,20.177591
876,20.142147
877,19.829355
878,19.700302
879,19.715586
880,19.773422
881,20.146786
882,20.462774
883,20.288872
884,20.106049
885,19.904638
886,20.030506
887,19.71848
888,20.021862
889,20.01947
890,19.927195
891,19.9725
892,20.058834
893,19.617207
894,19.711222
895,19.73897
896,19.834822
897,19.897911
898,19.89454
899,19.96212
900,19.894173
901,20.007887
902,19.782585
903,19.755266
904,20.372969
905,20.29575
906,20.126083
907,20.415133
908,20.28549
909,20.163443
910,20.134462
911,20.044363
912,20.36058
913,19.632801
914,19.551249
915,19.817873
916,19.830069
917,19.95606
918,20.13798
919,19.86969
920,19.849913
921,20.168058
922,20.329853
923,20.065266
924,19.986778
925,19.901531
926,20.095789
927,19.870348
928,19.809189
929,19.756199
930,19.894896
931,19.690655
932,20.176577
933,19.890717
934,19.6662
935,20.036245
936,20.204134
937,20.1347
938,20.246296
939,20.049871
940,20.162
941,20.133062
942,20.272802
943,20.473827
944,20.19537
945,20.131708
946,20.339588
947,20.246819
948,20.48234
949,20.381195
950,20.099138
951,19.970608
952,20.02997
953,20.003336
954,20.005169
955,20.04486
956,20.097853
957,20.112083
958,20.083006
959,20.262747
960,19.764542
961,20.274626
962,20.054213
963,20.217392
964,20.322954
965,19.99238
966,19.992765
967,19.626432
968,20.04942
969,20.33643
970,19.983898
971,19.804794
972,19.836697
973,19.937181
974,19.948105
975,20.03006
976,19.909004
977,20.060646
978,19.75242
979,19.987694
980,20.219137
981,20.33518
982,19.907211
983,20.055552
984,20.104342
985,20.06915
986,20.474468
987,19.91028
988,19.60855
989,20.198828
990,20.081875
991,20.060286
992,19.810392
993,19.861294
994,20.434261
995,20.070826
996,20.073101
997,19.767044
998,19.955643
999,19.858717
1000,19.979856
1001,19.882204
1002,19.986906
1003,20.0445
1004,20.082605
1005,19.565536
1006,19.652267
1007,19.917046
1008,19.951252
1009,19.67144
1010,20.094847
1011,20.18328
1012,20.092928
1013,20.124971
1014,19.712109
1015,19.871986
1016,19.969322
1017,19.700493
1018,20.237497
1019,19.859936
1020,19.902355
1021,20.236662
1022,20.308523
1023,20.024075
1024,19.6209
1025,19.69075
1026,20.03875
1027,20.031847
1028,20.045252
1029,20.069466
1030,19.927433
1031,19.97208
1032,20.4834
1033,19.989485
1034,19.834007
1035,20.143742
1036,20.16956
1037,19.56785
1038,19.986044
1039,20.246546
1040,20.010674
1041,19.912556
1042,20.049164
1043,19.557085
1044,19.642643
1045,20.088717
1046,20.003916
1047,19.944105
1048,19.750055
1049,19.85811
1050,19.918259
1051,20.307495
1052,20.294676
1053,19.89465
1054,20.302776
1055,20.20875
1056,20.13978
1057,20.28296
1058,20.502348
1059,19.944593
1060,20.291674
1061,20.164171
1062,19.57348
1063,20.158838
1064,20.268282
1065,20.366518
1066,20.019407
1067,20.252365
1068,19.6627
1069,19.999952
1070,20.323305
1071,20.129753
1072,20.188911
1073,19.85056
1074,19.676773
1075,19.888561
1076,20.25037
1077,20.13795
1078,20.103601
1079,19.664927
1080,20.01362
1081,20.113016
1082,19.518103
1083,19.617407
1084,20.048763
1085,20.129974
1086,19.720953
1087,19.966288
1088,20.205406
1089,19.724411
1090,19.711508
1091,20.135023
1092,20.035646
1093,20.09176
1094,19.9685
1095,19.713064
1096,19.984947
1097,20.061335
1098,20.104504
1099,20.07795
1100,20.224365
1101,20.39589
1102,19.706663
1103,19.79697
1104,20.268152
1105,19.558462
1106,19.865858
1107,20.146025
1108,20.156895
1109,19.938707
1110,19.932
1111,20.270245
1112,19.942408
1113,19.80447
1114,20.226559
1115,19.907246
1116,20.058792
1117,19.768576
1118,20.461674
1119,19.69998
1120,20.038733
1121,19.796059
1122,20.146856
1123,20.080595
1124,20.37229
1125,20.150002
1126,19.937012
1127,19.917793
1128,19.885817
1129,20.49796
1130,19.891232
1131,20.070223
1132,20.052294
1133,19.80957
1134,19.979416
1135,20.075264
1136,19.84956
1137,19.68051
1138,19.978016
1139,20.250536
1140,19.82196
1141,20.173677
1142,20.234045
1143,20.09477
1144,19.839045
1145,19.866423
1146,19.761091
1147,20.099314
1148,20.240656
1149,20.346062
1150,19.574394
1151,19.930399
1152,19.620388
1153,19.691706
1154,19.896173
1155,20.021051
1156,20.091627
1157,20.00498
1158,20.268625
1159,19.832104
1160,19.72916
1161,20.069317
1162,20.104767
1163,19.96644
1164,19.689543
1165,19.779987
1166,20.224127
1167,19.850449
1168,19.69627
1169,20.2776
1170,19.63389
1171,20.101292
1172,19.61561
1173,20.254667
1174,19.662552
1175,19.934309
1176,19.928822
1177,20.033808
1178,19.986614
1179,19.979023
1180,19.614347
1181,20.028965
1182,19.970875
1183,20.167395
1184,20.067818
1185,20.037333
1186,20.33432
1187,19.900345
1188,19.70147
1189,19.73896
1190,20.040733
1191,19.974657
1192,19.923716
1193,19.82247
1194,20.234024
1195,20.299877
1196,20.237946
1197,20.33973
1198,19.970451
1199,20.131588
1200,20.234549
1201,20.246332
1202,19.963596
1203,19.751709
1204,19.941357
1205,20.013689
1206,20.195412
1207,19.861988
1208,20.08538
1209,19.919237
1210,20.04687
1211,20.042152
1212,19.925615
1213,19.810432
1214,20.11553
1215,20.389769
1216,20.06701
1217,19.686964
1218,19.935835
1219,19.83722
1220,20.000294
1221,19.70068
1222,20.071663
1223,20.286587
1224,19.74228
1225,19.995134
1226,19.950909
1227,20.048655
1228,19.749836
1229,20.08041
1230,20.228373
1231,20.091253
1232,19.743454
1233,20.385592
1234,19.829826
1235,19.867767
1236,20.025923
1237,20.064884
1238,20.005392
1239,19.625872
1240,20.444843
1241,19.748499
1242,20.094545
1243,20.20378
1244,20.216784
1245,20.101665
1246,20.044006
1247,20.015017
1248,20.029463
1249,20.134705
1250,19.882833
1251,20.016104
1252,19.972874
1253,20.1531
1254,20.055319
1255,20.281076
1256,20.012096
1257,20.340284
1258,19.859705
1259,20.09263
1260,20.055372
1261,20.163372
1262,19.629507
1263,19.994524
1264,19.878204
1265,19.96758
1266,20.028212
1267,19.731115
1268,20.325615
1269,20.332685
1270,20.299927
1271,19.981895
1272,20.007837
1273,19.828846
1274,20.02292
1275,20.30989
1276,20.453133
1277,20.174137
1278,19.927647
1279,20.027327
1280,20.011507
1281,19.908634
1282,20.327734
1283,19.903786
1284,19.908138
1285,19.783985
1286,19.561796
1287,20.03818
1288,19.87125
1289,19.811798
1290,19.782532
1291,19.881395
1292,20.141642
1293,20.121992
1294,19.689524
1295,19.965385
1296,19.836552
1297,19.789547
1298,20.243925
1299,19.666996
1300,19.921087
1301,20.031656
1302,19.622952
1303,19.557192
1304,19.602463
1305,19.929083
1306,20.049057
1307,19.598589
1308,20.270107
1309,19.89407
1310,19.884369
1311,19.824856
1312,19.706217
1313,20.15264
1314,20.232834
1315,20.220156
1316,19.553009
1317,19.850487
1318,19.759434
1319,19.76021
1320,20.038977
1321,19.884375
1322,20.069746
1323,19.925772
1324,20.553022
1325,19.560108
1326,20.278309
1327,20.486254
1328,19.523972
1329,19.606209
1330,19.823782
1331,19.924725
1332,19.563704
1333,19.747036
1334,20.181293
1335,20.103468
1336,20.422937
1337,19.707977
1338,19.627045
1339,19.890974
1340,19.989054
1341,19.602304
1342,20.029251
1343,19.696276
1344,19.881538
1345,19.864244
1346,19.733894
1347,19.633081
1348,20.100489
1349,20.34151
1350,20.233608
1351,20.294237
1352,20.007421
1353,20.082272
1354,20.146101
1355,20.251055
1356,19.870634
1357,20.166964
1358,19.97272
1359,20.093801
1360,19.85937
1361,19.822092
1362,19.855957
1363,20.349396
1364,20.408575
1365,19.885036
1366,19.857004
1367,19.85057
1368,20.058985
1369,19.65563
1370,19.941265
1371,20.070148
1372,19.643341
1373,20.270702
1374,20.100588
1375,20.101192
1376,20.456972
1377,20.322124
1378,20.002167
1379,19.996841
1380,20.17776
1381,20.061235
1382,20.022411
1383,19.858381
1384,19.820072
1385,19.76585
1386,19.840605
1387,19.960531
1388,19.628185
1389,19.892754
1390,19.747984
1391,20.119097
1392,19.877506
1393,19.997591
1394,19.653992
1395,20.413485
1396,19.790474
1397,20.022024
1398,19.857166
1399,19.990213
1400,19.887999
1401,20.198067
1402,19.80288
1403,19.966696
1404,20.013731
1405,19.676167
1406,20.421005
1407,20.007496
1408,19.932558
1409,20.30178
1410,19.968678
1411,19.982239
1412,19.57599
1413,19.942368
1414,20.158527
1415,20.021418
1416,19.971012
1417,19.924051
1418,20.01013
1419,20.230652
1420,19.97221
1421,20.167143
1422,19.915854
1423,19.768194
1424,19.804972
1425,19.764603
1426,20.19206
1427,20.065481
1428,19.869366
1429,20.165815
1430,20.063902
1431,19.939703
1432,19.78341
1433,19.998394
1434,20.06895
1435,19.657675
1436,19.987345
1437,19.690298
1438,19.521183
1439,20.365564
1440,19.787182
1441,20.060286
1442,19.901947
1443,19.719687
1444,20.230585
1445,19.642967
1446,20.266815
1447,19.858795
1448,19.829445
1449,20.364365
1450,20.322023
1451,20.159924
1452,19.86729
1453,19.57787
1454,20.418129
1455,19.960094
1456,20.00864
1457,19.983833
1458,19.99334
1459,20.226988
1460,19.65969
1461,20.056843
1462,20.272188
1463,19.830885
1464,19.892345
1465,20.138935
1466,20.000181
1467,20.375708
1468,20.253569
1469,19.922241
1470,19.712667
1471,19.953478
1472,20.009472
1473,20.268188
1474,19.816296
1475,19.892199
1476,19.76316
1477,20.033344
1478,19.913034
1479,20.254309
1480,20.277176
1481,19.735832
1482,20.006397
1483,19.733934
1484,20.113672
1485,19.860542
1486,19.951105
1487,20.045776
1488,19.648895
1489,19.995466
1490,20.051914
1491,19.625408
1492,19.951704
1493,20.430046
1494,19.675194
1495,20.19405
1496,20.058985
1497,19.705921
1498,19.596882
1499,19.984383
1500,19.630817
1501,19.97306
1502,19.81465
1503,20.483747
1504,20.010876
1505,20.037058
1506,20.37337
1507,19.970825
1508,20.073639
1509,19.759981
1510,20.190393
1511,20.136406
1512,20.031923
1513,19.945354
1514,20.16387
1515,20.217625
1516,19.976215
1517,20.141773
1518,20.042566
1519,20.209423
1520,19.906427
1521,20.133484
1522,20.035906
1523,20.039452
1524,20.484207
1525,19.964317
1526,19.773413
1527,19.91259
1528,19.692589
1529,20.237213
1530,20.127645
1531,19.95149
1532,20.149954
1533,19.91843
1534,19.947863
1535,20.290718
1536,19.897831
1537,19.7697
1538,20.195776
1539,20.444841
1540,19.91932
1541,20.092316
1542,19.730013
1543,20.18575
1544,20.256268
1545,19.847017
1546,19.590965
1547,20.145733
1548,20.035831
1549,20.273779
1550,20.14848
1551,19.878534
1552,20.061226
1553,20.154102
1554,20.42521
1555,20.286398
1556,20.100504
1557,19.577768
1558,19.965336
1559,20.116116
1560,19.700167
1561,19.599968
1562,20.137169
1563,20.197142
1564,19.526495
1565,19.690056
1566,20.302433
1567,20.058878
1568,19.94129
1569,20.331158
1570,20.509327
1571,20.04971
1572,20.144611
1573,20.059092
1574,19.714903
1575,19.58268
1576,19.955557
1577,20.198172
1578,19.954746
1579,20.277477
1580,19.930775
1581,20.182573
1582,20.025866
1583,19.695744
1584,19.757929
1585,20.108631
1586,20.046297
1587,19.736742
1588,19.866468
1589,19.867054
1590,19.943106
1591,20.146986
1592,19.787558
1593,20.058357
1594,19.972095
1595,20.375443
1596,19.756577
1597,19.85537
1598,19.888445
1599,20.443853
1600,20.251637
1601,20.104383
1602,20.226124
1603,20.137241
1604,19.86986
1605,20.441916
1606,20.346882
1607,20.278336
1608,19.98326
1609,19.499544
1610,19.758684
1611,19.635897
1612,20.161165
1613,19.745619
1614,20.21254
1615,20.343098
1616,20.005293
1617,19.943151
1618,19.973953
1619,20.184246
1620,19.84147
1621,20.11078
1622,19.559849
1623,20.03476
1624,19.807167
1625,19.847597
1626,19.794521
1627,19.990286
1628,19.767138
1629,19.798506
1630,20.197462
1631,19.749178
1632,19.594221
1633,19.892866
1634,20.048874
1635,20.026922
1636,20.299517
1637,19.902107
1638,19.61478
1639,19.979677
1640,20.323792
1641,19.907894
1642,19.900877
1643,19.563168
1644,20.207977
1645,19.937279
1646,19.844778
1647,20.12068
1648,19.69873
1649,19.924326
1650,19.853973
1651,19.930258
1652,19.972502
1653,20.31049
1654,20.307886
1655,20.254646
1656,20.08671
1657,20.23601
1658,20.162323
1659,19.92063
1660,20.070011
1661,19.49335
1662,20.345818
1663,19.987514
1664,20.263624
1665,20.095526
1666,20.037277
1667,20.12889
1668,19.902967
1669,20.115978
1670,19.982609
1671,19.688051
1672,20.119923
1673,20.106201
1674,20.047745
1675,19.59792
1676,20.276066
1677,20.203297
1678,20.242283
1679,20.000055
1680,20.324913
1681,19.647867
1682,19.95929
1683,20.27167
1684,19.919228
1685,20.29762
1686,19.95072
1687,19.876081
1688,20.149342
1689,19.956018
1690,19.912811
1691,19.792315
1692,20.115892
1693,20.373053
1694,19.62336
1695,20.025019
1696,19.91839
1697,20.087906
1698,20.078484
1699,20.146343
1700,20.312498
1701,19.892555
1702,19.655373
1703,19.834585
1704,20.073055
1705,19.727427
1706,19.840145
1707,19.993786
1708,20.086319
1709,20.049793
1710,20.244942
1711,19.538843
1712,20.053106
1713,19.916132
1714,19.857141
1715,19.87971
1716,20.059286
1717,20.105713
1718,20.239336
1719,19.618074
1720,20.01447
1721,20.283121
1722,19.944313
1723,20.262842
1724,20.161242
1725,19.819798
1726,20.182148
1727,19.931187
1728,20.24842
1729,20.482264
1730,19.861404
1731,19.902956
1732,19.61192
1733,20.14763
1734,19.933577
1735,20.332016
1736,20.208649
1737,20.321707
1738,20.288174
1739,20.292206
1740,20.108143
1741,19.697592
1742,20.084923
1743,20.07572
1744,19.871212
1745,20.132162
1746,20.133661
1747,19.6467
1748,19.580717
1749,20.007706
1750,20.267315
1751,20.081295
1752,20.036076
1753,20.236814
1754,19.997456
1755,19.934412
1756,19.791864
1757,19.678673
1758,20.26381
1759,19.946785
1760,20.113369
1761,20.035662
1762,20.026539
1763,19.967115
1764,20.360601
1765,19.842607
1766,20.474455
1767,20.351522
1768,20.406908
1769,19.878593
1770,20.368916
1771,20.097921
1772,19.974827
1773,19.790182
1774,19.940086
1775,19.860462
1776,20.125216
1777,20.25761
1778,20.049511
1779,19.961763
1780,19.921944
1781,20.362381
1782,19.95274
1783,20.297768
1784,20.130095
1785,19.72356
1786,19.93977
1787,19.738253
1788,19.614899
1789,19.866653
1790,20.264118
1791,19.99797
1792,20.320536
1793,19.88958
1794,20.445234
1795,20.23591
1796,20.07176
1797,19.836288
1798,20.194677
1799,19.74125
1800,20.08805
1801,20.329342
1802,20.084972
1803,20.313559
1804,19.979042
1805,19.875217
1806,20.13173
1807,20.005241
1808,20.11367
1809,19.756084
1810,19.886932
1811,19.87655
1812,20.24992
1813,19.638407
1814,20.367373
1815,19.582012
1816,20.29487
1817,20.181292
1818,20.242868
1819,19.673624
1820,19.99168
1821,20.175055
1822,20.297464
1823,19.977991
1824,20.378336
1825,20.270144
1826,20.021042
1827,20.004032
1828,19.986132
1829,19.675894
1830,19.887852
1831,19.868568
1832,19.77153
1833,19.942385
1834,20.203976
1835,20.3952
1836,19.630638
1837,20.081114
1838,20.038881
1839,19.636013
1840,19.560442
1841,19.923954
1842,20.297714
1843,19.917059
1844,20.288557
1845,20.170254
1846,19.85213
1847,20.328575
1848,19.88533
1849,20.150785
1850,20.229355
1851,19.812151
1852,19.644253
1853,19.986013
1854,19.985703
1855,19.638681
1856,19.97387
1857,20.269
1858,20.188585
1859,20.047298
1860,20.048428
1861,20.142426
1862,20.192142
1863,19.751583
1864,20.093021
1865,20.309206
1866,20.228249
1867,20.055021
1868,20.401476
1869,20.171104
1870,19.920279
1871,20.18443
1872,20.2971
1873,20.003859
1874,19.977663
1875,19.83727
1876,20.099669
1877,19.83763
1878,20.14084
1879,19.649763
1880,19.854378
1881,19.805815
1882,20.157345
1883,20.265524
1884,19.919695
1885,20.290155
1886,20.176176
1887,20.05133
1888,20.506987
1889,20.263536
1890,19.960995
1891,19.85468
1892,20.067385
1893,19.918434
1894,20.353971
1895,20.149178
1896,20.09348
1897,20.099049
1898,20.182596
1899,19.519447
1900,19.92052
1901,19.926006
1902,19.972605
1903,20.129128
1904,20.137829
1905,19.993605
1906,19.783121
1907,19.72105
1908,20.354662
1909,20.11651
1910,19.772148
1911,20.047447
1912,19.796642
1913,19.927475
1914,19.939575
1915,19.872044
1916,19.848034
1917,20.064177
1918,20.017237
1919,20.214346
1920,20.122301
1921,19.663485
1922,20.188286
1923,19.979832
1924,19.736227
1925,20.194517
1926,20.006685
1927,19.932014
1928,20.168486
1929,19.792953
1930,19.795061
1931,20.142267
1932,20.005156
1933,19.619123
1934,20.224384
1935,20.013565
1936,19.684216
1937,19.937527
1938,19.79672
1939,20.348036
1940,20.067568
1941,19.723866
1942,20.173899
1943,19.701395
1944,20.292229
1945,20.020994
1946,20.30132
1947,20.094942
1948,20.05673
1949,20.218431
1950,20.503265
1951,19.707731
1952,20.266373
1953,19.868856
1954,19.681923
1955,20.225542
1956,19.964952
1957,20.03086
1958,20.210567
1959,20.23673
1960,19.71434
1961,20.005468
1962,20.245909
1963,20.174536
1964,20.355331
1965,20.012228
1966,20.107779
1967,20.059185
1968,19.856306
1969,20.156654
1970,19.76515
1971,20.315754
1972,20.02461
1973,19.876318
1974,19.698875
1975,19.897057
1976,19.893562
1977,20.402039
1978,20.292027
1979,19.96887
1980,19.702564
1981,20.437168
1982,19.990349
1983,20.221764
1984,19.533865
1985,20.086742
1986,19.595427
1987,20.102917
1988,20.051273
1989,19.793842
1990,20.254456
1991,20.035908
1992,20.20482
1993,19.654219
1994,19.571644
1995,19.596014
1996,19.841274
1997,19.885834
1998,19.672478
1999,20.04863
2000,20.0989
2001,20.473755
2002,19.986975
2003,19.947544
2004,20.113316
2005,20.07979
2006,19.797092
2007,20.007324
2008,20.227652
2009,20.1235
2010,20.050137
2011,20.017693
2012,20.252684
2013,19.655857
2014,20.050064
2015,19.757637
2016,20.292252
2017,20.272
2018,19.682667
2019,19.81403
2020,19.902885
2021,19.704557
2022,20.332119
2023,20.064417
2024,19.956299
2025,19.950277
2026,20.174465
2027,20.146057
2028,20.326828
2029,19.827938
2030,20.440866
2031,19.814411
2032,19.94041
2033,19.833086
2034,19.959366
2035,20.0285
2036,19.834032
2037,19.943348
2038,20.36456
2039,19.68132
2040,20.118793
2041,19.796724
2042,20.028238
2043,20.457067
2044,20.091093
2045,19.959515
2046,20.09267
2047,20.003103
2048,20.173904
2049,20.236376
2050,19.908989
2051,19.965925
2052,20.088913
2053,20.182444
2054,20.013096
2055,19.833132
2056,19.79904
2057,19.730724
2058,19.91985
2059,19.904085
2060,20.526798
2061,20.005512
2062,20.106594
2063,19.802301
2064,20.342808
2065,20.118382
2066,19.656464
2067,20.317179
2068,20.056202
2069,20.1296
2070,20.0068
2071,19.822077
2072,19.988483
2073,20.068508
2074,20.04534
2075,19.954514
2076,20.091917
2077,20.275421
2078,20.050888
2079,20.211267
2080,20.096601
2081,19.986956
2082,19.94458
2083,19.93669
2084,19.65592
2085,20.01421
2086,19.593666
2087,20.24059
2088,19.651691
2089,20.447403
2090,20.34965
2091,20.115992
2092,20.080046
2093,19.961973
2094,19.890179
2095,19.654762
2096,20.113823
2097,20.32679
2098,19.915869
2099,20.23505
2100,19.900415
2101,19.900658
2102,19.861898
2103,20.19734
2104,20.015785
2105,19.79914
2106,20.02714
2107,19.83228
2108,20.039803
2109,19.979258
2110,19.700058
2111,20.186274
2112,20.119104
2113,20.299456
2114,20.06744
2115,20.272131
2116,19.525017
2117,20.132988
2118,19.812983
2119,19.92306
2120,20.384632
2121,19.996962
2122,19.892334
2123,19.699718
2124,20.236778
2125,20.078497
2126,20.076439
2127,20.07416
2128,19.946407
2129,20.378597
2130,19.972939
2131,19.778639
2132,19.94982
2133,19.546766
2134,19.944183
2135,19.84947
2136,19.721352
2137,19.931057
2138,20.203424
2139,19.729347
2140,20.053726
2141,20.028017
2142,19.580032
2143,19.940138
2144,19.635475
2145,20.09257
2146,20.363712
2147,19.960178
2148,19.990494
2149,20.085447
2150,20.006168
2151,19.78728
2152,19.929758
2153,20.416111
2154,19.644985
2155,20.1531
2156,19.990282
2157,20.28365
2158,19.685669
2159,20.049408
2160,20.3482
2161,20.127098
2162,19.612242
2163,19.973228
2164,19.990738
2165,20.309126
2166,20.29374
2167,20.534838
2168,20.138763
2169,19.909878
2170,19.948511
2171,19.69253
2172,19.81574
2173,20.182747
2174,20.222937
2175,20.065586
2176,19.799337
2177,19.709776
2178,20.399689
2179,19.957567
2180,19.915997
2181,19.931625
2182,20.362251
2183,20.001478
2184,20.268358
2185,20.048708
2186,19.860367
2187,19.656363
2188,19.903252
2189,20.362755
2190,20.261625
2191,20.43014
2192,19.746235
2193,19.72647
2194,20.011747
2195,20.014074
2196,19.905224
2197,20.10956
2198,20.021965
2199,19.703545
2200,20.103317
2201,20.315334
2202,19.675217
2203,20.46375
2204,19.69148
2205,19.797695
2206,20.487646
2207,19.85179
2208,20.012077
2209,20.078209
2210,20.022642
2211,19.740294
2212,19.625742
2213,20.158089
2214,19.919613
2215,20.076342
2216,19.99703
2217,20.010351
2218,20.065329
2219,19.81161
2220,19.993402
2221,20.124014
2222,19.99197
2223,19.81264
2224,20.387033
2225,19.718061
2226,20.477398
2227,19.615973
2228,20.099281
2229,19.867832
2230,19.949417
2231,19.895931
2232,19.743757
2233,20.111866
2234,19.909275
2235,19.99882
2236,20.122356
2237,19.537262
2238,19.93076
2239,19.891922
2240,20.092945
2241,19.988396
2242,19.750769
2243,20.216206
2244,19.68526
2245,20.199614
2246,19.787464
2247,20.094505
2248,19.623285
2249,20.007448
2250,19.687532
2251,20.033678
2252,19.966614
2253,20.060623
2254,19.638386
2255,20.513132
2256,19.833261
2257,19.933077
2258,19.992767
2259,20.2843
2260,20.26966
2261,20.253345
2262,19.68418
2263,20.33339
2264,19.926884
2265,20.040607
2266,20.115622
2267,19.789175
2268,19.962812
2269,20.015505
2270,19.740849
2271,20.042765
2272,20.028181
2273,19.713629
2274,20.27762
2275,20.173073
2276,20.234365
2277,20.153297
2278,19.958977
2279,19.977457
2280,20.26264
2281,20.196949
2282,19.69337
2283,19.898306
2284,20.343157
2285,19.863506
2286,20.100323
2287,20.196817
2288,20.152468
2289,19.93493
2290,20.104294
2291,20.114311
2292,19.951464
2293,20.242851
2294,20.263916
2295,19.725056
2296,19.92472
2297,20.2217
2298,19.544518
2299,19.934532
2300,19.98753
2301,19.991198
2302,20.268612
2303,19.89427
2304,20.031033
2305,20.50963
2306,20.087399
2307,19.993135
2308,20.029665
2309,19.957312
2310,19.742764
2311,20.27347
2312,19.74751
2313,19.704523
2314,20.06166
2315,20.307531
2316,19.673384
2317,20.038914
2318,19.709055
2319,19.615156
2320,20.217209
2321,20.24118
2322,19.872616
2323,19.685253
2324,20.065739
2325,20.254717
2326,19.968418
2327,20.256601
2328,20.135164
2329,20.016644
2330,20.326399
2331,20.427599
2332,20.422037
2333,19.851343
2334,20.36083
2335,19.71466
2336,19.851072
2337,20.089941
2338,19.885162
2339,20.251083
2340,20.23323
2341,19.945845
2342,20.333775
2343,19.638348
2344,19.684929
2345,20.031647
2346,20.295946
2347,19.924284
2348,20.095587
2349,20.078293
