3,20.499462
4,22.453358
5,21.992222
6,22.129976
7,22.327875
8,21.808495
9,21.936481
10,22.099253
11,21.9454
12,21.96431
13,20.867073
14,19.397474
15,20.400534
16,19.989603
17,19.71742
18,19.658436
19,19.839272
20,20.032629
21,20.179718
22,19.594387
23,20.185865
24,20.2725
25,20.088017
26,20.157694
27,20.056723
28,19.877398
29,20.376991
30,20.16626
31,19.781103
32,20.489384
33,19.961224
34,20.310736
35,19.69429
36,19.702755
37,20.191498
38,20.202208
39,19.399605
40,19.432203
41,20.162666
42,19.776789
43,20.15063
44,20.038904
45,20.372862
46,19.940992
47,20.065178
48,20.230284
49,21.517607
50,21.823273
51,22.010471
52,22.096022
53,21.961227
54,21.902966
55,21.488693
56,22.085724
57,21.95331
58,22.005762
59,22.00304
60,22.000652
61,21.98602
62,21.974592
63,21.683401
64,20.828882
65,19.83938
66,19.91431
67,20.240458
68,20.201035
69,20.090055
70,20.48298
71,19.830631
72,19.698515
73,20.235643
74,20.063948
75,20.624195
76,22.41925
77,24.224771
78,23.547619
79,24.22334
80,24.241945
81,24.170067
82,24.00557
83,23.99496
84,23.966806
85,23.935673
86,23.936304
87,24.037312
88,23.69351
89,24.42441
90,23.794073
91,23.462105
92,23.881784
93,24.244524
94,24.287573
95,23.966034
96,23.636763
97,24.05008
98,24.086348
99,24.001554
100,24.043745
101,24.086111
102,23.662142
103,24.049953
104,23.545593
105,24.439632
106,24.168406
107,23.950626
108,24.089611
109,23.75212
110,23.675055
111,23.987694
112,24.14819
113,24.294384
114,23.930346
115,23.652937
116,23.768225
117,23.523516
118,24.149937
119,23.852299
120,23.696795
121,24.032246
122,24.211115
123,23.951262
124,24.156532
125,23.520998
126,23.309772
127,24.582695
128,23.523373
129,24.376234
130,23.574505
131,24.046911
132,24.220926
133,24.279202
134,24.030077
135,23.634512
136,23.407461
137,24.246319
138,24.046154
139,24.171116
140,23.683838
141,24.509232
142,23.647322
143,23.470806
144,24.691654
145,23.79874
146,24.040066
147,23.663338
148,23.914886
149,24.334742
150,24.109386
151,23.817196
152,24.028234
153,24.179575
154,23.776218
155,23.920946
156,23.68843
157,24.092878
158,24.6597
159,23.942219
160,24.02728
161,24.086536
162,24.538157
163,24.389038
164,23.776663
165,24.282267
166,23.823643
167,24.494436
168,23.568827
169,23.513136
170,24.411692
171,24.029907
172,23.701256
173,23.75004
174,24.403376
175,23.99582
176,24.4593
177,23.805302
178,23.494247
179,24.197906
180,24.324614
181,23.73121
182,24.239065
183,24.334948
184,23.923807
185,23.864902
186,24.290562
187,24.289293
188,24.1563
189,24.238525
190,23.775272
191,24.133795
192,23.589613
193,24.216766
194,24.142923
195,23.85379
196,23.45357
197,24.136543
198,24.253948
199,24.416025
200,23.872068
201,23.822666
202,23.636896
203,24.21957
204,23.993984
205,24.065163
206,23.757645
207,24.046192
208,23.84404
209,23.563196
210,23.814838
211,24.254995
212,23.444984
213,23.980713
214,23.875738
215,24.18978
216,24.128607
217,24.264633
218,23.67253
219,24.017422
220,23.933325
221,23.990957
222,24.20523
223,24.287262
224,24.33808
225,23.594711
226,23.774103
227,24.136229
228,23.788141
229,23.235113
230,23.906765
231,24.09464
232,24.0395
233,23.901695
234,23.995314
235,24.187586
236,24.453028
237,24.463417
238,24.304165
239,24.287165
240,23.658304
241,23.554342
242,23.893595
243,23.86362
244,24.173176
245,24.048328
246,23.856333
247,23.87236
248,24.183138
249,23.707037
250,24.184826
251,23.904753
252,24.282677
253,23.886953
254,24.295982
255,24.127203
256,24.30866
257,24.125477
258,23.955349
259,24.06602
260,24.372095
261,24.34198
262,24.161911
263,24.243364
264,24.171381
265,24.160261
266,23.995564
267,24.064
268,24.278196
269,23.99749
270,24.350468
271,24.281551
272,23.644451
273,24.107248
274,24.04537
275,23.752241
276,24.127562
277,24.006147
278,23.645535
279,23.506187
280,23.767502
281,24.166298
282,23.80522
283,24.114803
284,23.894737
285,24.245087
286,24.200867
287,23.761736
288,24.279816
289,24.323328
290,24.085236
291,24.33792
292,23.719685
293,23.993858
294,23.774078
295,23.596825
296,23.804546
297,24.093662
298,24.481407
299,23.764887
300,24.140327
301,24.180704
302,23.676458
303,24.017597
304,24.174198
305,24.063576
306,23.932222
307,23.52664
308,24.356016
309,23.868895
310,23.520414
311,23.939678
312,23.742197
313,23.850357
314,24.11599
315,23.700243
316,24.072002
317,24.707594
318,24.063683
319,24.177452
320,23.855385
321,23.492615
322,23.646439
323,23.756742
324,24.237398
325,24.177732
