3,20.516788
4,22.216837
5,21.62064
6,22.036322
7,22.014174
8,21.571598
9,21.966124
10,21.961613
11,22.542324
12,21.946438
13,20.26249
14,20.15126
15,19.694704
16,19.429798
17,19.770277
18,19.759495
19,19.858042
20,20.284922
21,19.53349
22,19.727964
23,19.9957
24,20.697943
25,19.8877
26,19.617403
27,19.567112
28,20.142788
29,19.84364
30,19.790577
31,19.829588
32,20.07498
33,19.704067
34,20.51141
35,19.778261
36,20.275522
37,20.17784
38,19.738068
39,20.039757
40,20.25296
41,20.365456
42,19.477694
43,20.370447
44,20.019726
45,19.713213
46,20.122522
47,19.814907
48,19.655506
49,21.949814
50,21.762833
51,21.888096
52,22.359062
53,22.206104
54,22.174192
55,22.470047
56,21.404133
57,21.954054
58,21.845327
59,21.737265
60,22.288185
61,21.88368
62,21.902245
63,20.5224
64,20.464497
65,20.419079
66,20.237537
67,20.146614
68,20.424582
69,20.3078
70,20.113672
71,19.587322
72,19.740458
73,19.85676
74,19.831259
75,21.536894
76,22.609415
77,23.858025
78,23.658817
79,24.423023
80,24.192955
81,24.144407
82,24.019518
83,23.975405
84,23.970823
85,23.671982
86,24.239021
87,24.021284
88,24.056385
89,24.294228
90,23.831537
91,23.31568
92,24.184729
93,24.458382
94,24.51537
95,23.97723
96,23.436077
97,23.741774
98,23.76597
99,23.996428
100,23.736984
101,24.372723
102,23.743378
103,24.057312
104,23.666037
105,24.325226
106,24.143148
107,23.973202
108,24.061928
109,23.824371
110,24.050697
111,24.012558
112,24.408066
113,24.23087
114,24.244934
115,23.438255
116,23.519829
117,23.936497
118,23.808239
119,23.870209
120,23.784801
121,24.042421
122,24.149067
123,24.261211
124,24.13202
125,23.646635
126,23.205267
127,24.429285
128,23.648685
129,24.554432
130,23.6852
131,24.05122
132,24.45254
133,24.19915
134,24.012465
135,23.42312
136,23.571478
137,24.465376
138,23.731915
139,24.407759
140,24.069986
141,24.352554
142,23.443356
143,23.322294
144,24.505444
145,23.863367
146,24.327852
147,23.742481
148,23.939636
149,24.524021
150,24.363344
151,23.885313
152,23.72683
153,23.83926
154,23.818308
155,24.232422
156,23.758104
157,23.762457
158,24.775055
159,23.954498
160,24.021948
161,24.348528
162,24.694708
163,24.002144
164,23.82061
165,24.222141
166,23.854937
167,24.659086
168,23.681744
169,23.343504
170,24.318027
171,23.759632
172,23.789011
173,23.855133
174,24.278746
175,24.021807
176,24.347775
177,23.86742
178,23.623318
179,24.16234
180,24.250929
181,23.790236
182,23.900072
183,24.226238
184,23.94927
185,23.87904
186,23.932407
187,23.93161
188,23.822273
189,24.46179
190,24.13071
191,24.116596
192,23.401165
193,24.151337
194,23.824877
195,23.610128
196,23.335543
197,24.391632
198,24.19283
199,24.3111
200,23.619516
201,24.163254
202,24.017075
203,24.156553
204,23.995087
205,23.761713
206,23.51282
207,24.31948
208,23.896181
209,23.671076
210,23.855476
211,23.877346
212,23.299654
213,23.99099
214,24.20385
215,24.136692
216,24.104944
217,24.502796
218,23.773096
219,23.721443
220,24.248821
221,24.285137
222,23.866152
223,24.227768
224,23.943977
225,23.396912
226,24.1112
227,24.090015
228,23.538982
229,23.446478
230,23.928373
231,24.09783
232,23.763115
233,24.195295
234,24.017357
235,24.15488
236,24.314901
237,24.339142
238,23.949627
239,24.200558
240,23.734873
241,23.954441
242,24.216309
243,23.907385
244,23.824135
245,24.039322
246,23.900898
247,23.91156
248,24.148388
249,23.504013
250,24.144953
251,23.907305
252,24.199768
253,23.639761
254,24.220478
255,24.095118
256,24.507421
257,24.092873
258,24.25413
259,24.07126
260,24.54958
261,24.259415
262,24.145212
263,24.195858
264,23.794119
265,23.81814
266,24.256952
267,24.36537
268,24.500383
269,24.283064
270,24.238905
271,23.920729
272,24.01844
273,24.071005
274,24.323034
275,23.510847
276,24.406696
277,23.733292
278,24.02092
279,23.922064
280,23.811499
281,23.828497
282,23.89192
283,24.0755
284,24.212765
285,24.46506
286,24.116545
287,23.81376
288,24.508957
289,24.531042
290,24.039673
291,24.525534
292,23.802393
293,24.297642
294,23.850132
295,23.721697
296,23.574863
297,23.7718
298,24.042524
299,23.860256
300,24.096909
301,24.422209
302,23.739243
303,24.010574
304,23.855017
305,24.069315
306,23.955557
307,23.65387
308,24.274841
309,23.902636
310,23.354557
311,23.639935
312,23.800339
313,23.605572
314,23.816292
315,23.78723
316,23.784283
317,24.807484
318,24.336458
319,23.862164
320,23.872213
321,23.621061
322,23.726608
323,23.806305
324,23.898426
325,23.833858
