3,20.507952
4,22.579977
5,22.26755
6,21.922588
7,22.239458
8,21.021376
9,20.999142
10,21.348532
11,19.985216
12,18.878872
13,19.999231
14,19.640072
15,20.33965
16,20.137997
17,19.6698
18,19.692822
19,19.479925
20,20.064812
21,19.88884
22,19.813745
23,20.094006
24,20.413322
25,20.152184
26,20.333693
27,20.058859
28,20.138905
29,20.454819
30,20.02615
31,19.827332
32,20.28586
33,20.073824
34,20.52911
35,19.885933
36,19.924908
37,20.133427
38,20.239534
39,19.300041
40,21.5768
41,21.552853
42,22.14595
43,21.813385
44,19.91992
45,20.397135
46,20.235811
47,20.096155
48,20.563873
49,21.29805
50,20.80615
51,21.589508
52,21.479305
53,21.476456
54,21.679804
55,21.545362
56,22.119333
57,21.824018
58,21.842669
59,22.016258
60,22.151058
61,22.10996
62,22.046331
63,21.99416
64,22.550297
65,22.41587
66,22.181147
67,22.2871
68,20.108137
69,20.09548
70,20.270626
71,19.879025
72,19.673141
73,20.213041
74,20.485718
75,20.050594
76,22.33472
77,24.235857
78,23.573414
79,24.23215
80,24.220793
81,24.148176
82,24.01568
83,23.9998
84,23.986847
85,23.913929
86,23.95805
87,24.045618
88,23.708607
89,24.423836
90,23.814604
91,23.470955
92,23.902332
93,24.248558
94,24.26655
95,23.964195
96,23.64435
97,24.052261
98,24.0896
99,24.012854
100,24.048187
101,24.083721
102,23.677813
103,24.044115
104,23.554575
105,24.437347
106,24.147715
107,23.932129
108,24.093908
109,23.767794
110,23.670376
111,23.98389
112,24.155556
113,24.270761
114,23.929222
115,23.69095
116,23.790018
117,23.550573
118,24.157017
119,23.876991
120,23.712372
121,24.03004
122,24.204
123,23.939205
124,24.140055
125,23.532623
126,23.330914
127,24.556246
128,23.531862
129,24.370117
130,23.584806
131,24.050198
132,24.199894
133,24.263437
134,24.055252
135,23.67421
136,23.411104
137,24.234907
138,24.070583
139,24.180124
140,23.698421
141,24.503105
142,23.65538
143,23.475866
144,24.663908
145,23.790443
146,24.019175
147,23.676474
148,23.917149
149,24.329407
150,24.12069
151,23.786423
152,24.031107
153,24.156487
154,23.80208
155,23.936096
156,23.708147
157,24.122768
158,24.635202
159,23.961308
160,24.020845
161,24.094267
162,24.504276
163,24.372623
164,23.79381
165,24.263584
166,23.838327
167,24.467945
168,23.576523
169,23.541267
170,24.374775
171,24.000849
172,23.709806
173,23.730532
174,24.398348
175,23.984547
176,24.422804
177,23.79942
178,23.518322
179,24.180807
180,24.304546
181,23.746214
182,24.214357
183,24.346172
184,23.919981
185,23.886665
186,24.277771
187,24.275906
188,24.139568
189,24.219204
190,23.795042
191,24.117004
192,23.601192
193,24.20568
194,24.144135
195,23.85082
196,23.446032
197,24.123274
198,24.259254
199,24.403275
200,23.873154
201,23.84032
202,23.645578
203,24.204615
204,23.998638
205,24.0432
206,23.779186
207,24.052149
208,23.83602
209,23.592377
210,23.81144
211,24.270815
212,23.46188
213,23.972742
214,23.880753
215,24.172506
216,24.138727
217,24.23994
218,23.675621
219,24.01054
220,23.92246
221,23.992516
222,24.209486
223,24.258091
224,24.326708
225,23.631466
226,23.786522
227,24.146555
228,23.804842
229,23.255869
230,23.924746
231,24.062744
232,24.01324
233,23.925514
234,23.993607
235,24.173033
236,24.445396
237,24.458813
238,24.264812
239,24.279297
240,23.690239
241,23.584057
242,23.899458
243,23.854715
244,24.179777
245,24.028158
246,23.855564
247,23.871836
248,24.173542
249,23.713905
250,24.185188
251,23.931604
252,24.264381
253,23.862366
254,24.304699
255,24.105755
256,24.296896
257,24.109842
258,23.97817
259,24.047218
260,24.36435
261,24.326086
262,24.123215
263,24.222477
264,24.207743
265,24.164034
266,24.027885
267,24.038036
268,24.28597
269,24.019125
270,24.3536
271,24.282877
272,23.669697
273,24.114853
274,24.041859
275,23.776266
276,24.108664
277,24.001827
278,23.664604
279,23.535156
280,23.787659
281,24.152855
282,23.788351
283,24.124435
284,23.908895
285,24.23182
286,24.207973
287,23.774464
288,24.263935
289,24.329893
290,24.08666
291,24.335024
292,23.735676
293,23.967752
294,23.760433
295,23.601301
296,23.7997
297,24.093607
298,24.473562
299,23.75825
300,24.140873
301,24.16374
302,23.724304
303,24.02442
304,24.155703
305,24.047035
306,23.92545
307,23.53185
308,24.325047
309,23.887829
310,23.532331
311,23.963575
312,23.755678
313,23.847115
314,24.093964
315,23.71478
316,24.049992
317,24.682077
318,24.0666
319,24.145098
320,23.880539
321,23.521296
322,23.678816
323,23.777334
324,24.214808
325,24.164532
