3,20.0
4,20.0
5,19.0
6,20.0
7,20.0
8,19.0
9,20.0
10,20.0
11,19.5
12,15.5
13,16.0
14,15.0
15,14.0
16,14.0
17,14.0
18,14.0
19,14.0
20,16.0
21,14.0
22,14.0
23,15.5
24,20.0
25,19.0
26,18.0
27,18.0
28,19.0
29,18.0
30,18.0
31,19.0
32,19.0
33,18.0
34,20.0
35,18.0
36,20.0
37,19.0
38,18.0
39,19.0
40,18.5
41,16.0
42,14.0
43,16.0
44,15.0
45,14.0
46,16.0
47,14.0
48,17.5
49,21.0
50,20.0
51,21.0
52,22.0
53,22.0
54,22.0
55,22.0
56,20.0
57,21.0
58,20.0
59,21.0
60,22.0
61,21.0
62,22.0
63,19.0
64,18.5
65,17.0
66,17.0
67,17.0
68,17.0
69,17.0
70,16.0
71,15.0
72,15.0
73,16.0
74,16.0
75,18.0
76,23.0
77,23.0
78,24.0
79,25.0
80,24.0
81,24.0
82,24.0
83,24.0
84,24.0
85,23.0
86,25.0
87,24.0
88,25.0
89,24.0
90,24.0
91,23.0
92,25.0
93,25.0
94,25.0
95,24.0
96,23.0
97,23.0
98,23.0
99,24.0
100,23.0
101,25.0
102,24.0
103,24.0
104,24.0
105,24.0
106,24.0
107,24.0
108,24.0
109,24.0
110,25.0
111,24.0
112,25.0
113,24.0
114,25.0
115,23.0
116,23.0
117,25.0
118,23.0
119,24.0
120,24.0
121,24.0
122,24.0
123,25.0
124,24.0
125,24.0
126,23.0
127,24.0
128,24.0
129,25.0
130,24.0
131,24.0
132,25.0
133,24.0
134,24.0
135,23.0
136,24.0
137,25.0
138,23.0
139,25.0
140,25.0
141,24.0
142,23.0
143,23.0
144,24.0
145,24.0
146,25.0
147,24.0
148,24.0
149,25.0
150,25.0
151,24.0
152,23.0
153,23.0
154,24.0
155,25.0
156,24.0
157,23.0
158,25.0
159,24.0
160,24.0
161,25.0
162,25.0
163,23.0
164,24.0
165,24.0
166,24.0
167,25.0
168,24.0
169,23.0
170,24.0
171,23.0
172,24.0
173,24.0
174,24.0
175,24.0
176,24.0
177,24.0
178,24.0
179,24.0
180,24.0
181,24.0
182,23.0
183,24.0
184,24.0
185,24.0
186,23.0
187,23.0
188,23.0
189,25.0
190,25.0
191,24.0
192,23.0
193,24.0
194,23.0
195,23.0
196,23.0
197,25.0
198,24.0
199,24.0
200,23.0
201,25.0
202,25.0
203,24.0
204,24.0
205,23.0
206,23.0
207,25.0
208,24.0
209,24.0
210,24.0
211,23.0
212,23.0
213,24.0
214,25.0
215,24.0
216,24.0
217,25.0
218,24.0
219,23.0
220,25.0
221,25.0
222,23.0
223,24.0
224,23.0
225,23.0
226,25.0
227,24.0
228,23.0
229,24.0
230,24.0
231,24.0
232,23.0
233,25.0
234,24.0
235,24.0
236,24.0
237,24.0
238,23.0
239,24.0
240,24.0
241,25.0
242,25.0
243,24.0
244,23.0
245,24.0
246,24.0
247,24.0
248,24.0
249,23.0
250,24.0
251,24.0
252,24.0
253,23.0
254,24.0
255,24.0
256,25.0
257,24.0
258,25.0
259,24.0
260,25.0
261,24.0
262,24.0
263,24.0
264,23.0
265,23.0
266,25.0
267,25.0
268,25.0
269,25.0
270,24.0
271,23.0
272,25.0
273,24.0
274,25.0
275,23.0
276,25.0
277,23.0
278,25.0
279,25.0
280,24.0
281,23.0
282,24.0
283,24.0
284,25.0
285,25.0
286,24.0
287,24.0
288,25.0
289,25.0
290,24.0
291,25.0
292,24.0
293,25.0
294,24.0
295,24.0
296,23.0
297,23.0
298,23.0
299,24.0
300,24.0
301,25.0
302,24.0
303,24.0
304,23.0
305,24.0
306,24.0
307,24.0
308,24.0
309,24.0
310,23.0
311,23.0
312,24.0
313,23.0
314,23.0
315,24.0
316,23.0
317,25.0
318,25.0
319,23.0
320,24.0
321,24.0
322,24.0
323,24.0
324,23.0
325,23.0
