3,-224.14429
4,-218.30017
5,-218.58101
6,-241.44753
7,-233.0629
8,-215.0615
9,-229.61174
10,-223.8353
11,-213.56865
12,-211.76529
13,-247.72331
14,-240.89813
15,-233.59528
16,-219.05525
17,-221.68442
18,-229.10721
19,-227.5277
20,-216.79817
21,-239.03671
22,-221.17157
23,-223.03474
24,-225.4676
25,-229.08684
26,-264.55368
27,-245.40344
28,-260.51636
29,-244.79391
30,-260.747
31,-255.4407
32,-248.5827
33,-261.69122
34,-261.1831
35,-243.82655
36,-243.44333
37,-261.84058
38,-249.1074
39,-253.7029
40,-265.2201
41,-257.7249
42,-250.34691
43,-267.65808
44,-271.74045
45,-275.32724
46,-290.8822
47,-301.12738
48,-295.57385
49,-277.81894
50,-281.44415
51,-290.7088
52,-303.96893
53,-220.23236
54,-220.23198
55,-218.07057
56,-224.34422
57,-232.82872
58,-228.52345
59,-211.38463
60,-226.26195
61,-234.88072
62,-226.22876
63,-217.14375
64,-220.84187
65,-216.34518
66,-235.85675
67,-234.17157
68,-231.82957
69,-275.37628
70,-294.66464
71,-271.68787
72,-299.28702
73,-276.63962
74,-282.2775
75,-285.0349
76,-281.32196
77,-276.67505
78,-282.2102
79,-291.23544
80,-280.6827
81,-266.8658
82,-300.8258
83,-268.04224
84,-262.87292
85,-295.36432
86,-291.9579
87,-289.1292
88,-276.3742
89,-280.32428
90,-268.48285
91,-290.58978
92,-278.9043
93,-277.07043
94,-283.0515
95,-287.88196
96,-293.38547
97,-282.944
98,-282.4626
99,-279.35846
100,-261.11798
101,-246.26755
102,-236.91188
103,-243.33893
104,-249.43527
105,-235.3237
106,-243.95438
107,-245.8074
108,-233.61853
109,-231.48444
110,-231.24373
111,-241.9354
112,-233.13553
113,-234.95071
114,-229.95918
115,-280.84772
116,-257.0996
117,-247.66457
118,-254.32794
119,-250.9041
120,-252.66025
121,-255.94344
122,-261.9563
123,-257.43115
124,-268.6367
125,-256.73865
126,-251.99377
127,-275.425
128,-251.71495
129,-257.06253
130,-252.0846
131,-256.25214
132,-257.04446
133,-255.40718
134,-256.98822
135,-257.93015
136,-241.42824
137,-265.3261
138,-257.1124
139,-259.52167
140,-244.62791
141,-267.5522
142,-256.6183
143,-242.8291
144,-249.09772
145,-242.19553
146,-260.3838
147,-258.34216
148,-244.99152
149,-267.44598
150,-270.95612
151,-251.55919
152,-260.807
153,-250.17032
154,-257.2118
155,-259.87115
156,-267.59497
157,-264.25616
158,-258.03583
159,-260.48706
160,-254.81079
161,-239.73184
162,-271.3954
163,-256.65063
164,-271.7009
165,-268.15536
166,-252.41455
167,-251.60782
168,-255.3922
169,-254.08734
170,-251.86636
171,-254.46936
172,-271.9923
173,-265.81595
174,-268.07214
175,-252.14537
176,-255.82126
177,-262.64835
178,-260.22174
179,-257.7226
180,-259.50226
181,-252.12532
182,-263.57172
183,-258.0334
184,-254.53697
186,-194.76376
186,-194.76376
187,-258.42313
188,-263.281
189,-257.2882
190,-256.30118
191,-256.61774
192,-264.3485
193,-259.2674
194,-242.06454
195,-255.50284
196,-261.95612
197,-247.68797
198,-262.49945
199,-264.36145
200,-270.97583
201,-260.48517
202,-250.12274
203,-253.49579
204,-246.41704
205,-250.06288
206,-259.13416
207,-256.66397
208,-244.29619
209,-255.96576
210,-240.95789
211,-261.4245
212,-271.29413
213,-252.54614
214,-261.89948
215,-254.05302
216,-247.29129
217,-261.93237
218,-271.47775
219,-248.1339
220,-257.74554
221,-266.33374
222,-251.71916
223,-263.7444
224,-261.40497
225,-267.1361
226,-252.71735
227,-247.82913
228,-266.65262
229,-252.7083
230,-244.62845
231,-251.97694
232,-269.34528
233,-262.29276
234,-272.77716
235,-261.41302
236,-255.9254
237,-251.7681
238,-244.47235
239,-239.78072
240,-254.80109
241,-241.98143
242,-255.62042
243,-257.66058
244,-268.73813
245,-264.94293
246,-272.3719
247,-267.3875
248,-264.14404
249,-259.22748
250,-254.65648
251,-264.91702
252,-267.02826
253,-259.4508
254,-254.04256
255,-249.48381
256,-261.57104
257,-242.65585
258,-253.42126
259,-256.83273
260,-253.05235
261,-250.07687
262,-257.15466
263,-246.73618
264,-261.30792
265,-259.40265
266,-255.7772
267,-268.62833
268,-256.23273
269,-257.20233
270,-241.07053
271,-253.62004
272,-247.58997
273,-250.37872
274,-272.69156
275,-269.37836
276,-249.73697
277,-251.40675
278,-254.34828
279,-266.704
280,-265.5583
281,-267.79956
282,-252.93567
283,-262.82648
284,-252.49123
285,-249.82689
286,-262.4027
287,-248.2075
288,-251.32578
289,-270.46814
290,-250.4315
291,-240.90729
292,-257.4634
293,-260.19824
294,-249.54398
295,-271.97153
296,-262.06036
297,-249.22636
298,-246.20786
299,-257.16922
300,-244.09372
301,-265.82895
302,-263.20178
303,-252.55408
304,-250.81148
305,-258.01782
306,-261.09036
307,-267.38202
308,-258.96185
309,-259.78137
310,-262.22546
311,-261.10144
312,-262.0028
313,-259.57385
314,-266.61578
315,-266.71622
316,-259.7798
317,-256.0298
318,-265.24664
319,-260.99445
320,-262.3414
321,-274.33545
322,-255.51788
323,-264.25253
324,-258.99374
325,-268.96664
326,-263.18558
327,-255.2882
328,-242.99391
329,-268.56042
330,-256.03748
331,-265.09106
332,-252.63081
333,-257.9274
334,-254.82332
335,-270.68024
336,-239.79008
337,-265.43356
338,-257.433
339,-263.1275
340,-262.18777
341,-252.44525
342,-242.41168
343,-249.96994
344,-241.41788
345,-241.95352
346,-245.41466
347,-264.32916
348,-255.91107
349,-260.83612
350,-264.66522
351,-270.6662
352,-250.59798
353,-260.99387
354,-241.32646
355,-254.58948
356,-250.20667
357,-254.44847
358,-263.7928
359,-258.22137
360,-254.6737
361,-253.35057
362,-246.08112
363,-252.73325
364,-255.45644
365,-246.99197
366,-273.1104
367,-254.48051
368,-259.32928
369,-256.11902
370,-244.92769
371,-268.92682
372,-249.33078
373,-255.66013
374,-260.80438
375,-262.5038
376,-255.69502
377,-250.11627
378,-247.41724
379,-254.52193
380,-251.6834
381,-256.50177
382,-246.37093
383,-247.55058
384,-251.25243
385,-271.27744
386,-251.61102
387,-258.9812
388,-256.22137
389,-240.07903
390,-245.0984
391,-262.1375
392,-237.60089
393,-271.20428
394,-261.91125
395,-249.90096
396,-262.40912
397,-253.67485
398,-254.24207
399,-257.76447
400,-270.4668
401,-256.50522
402,-261.15857
403,-259.50165
404,-247.64787
405,-258.4549
406,-258.40817
407,-261.3053
408,-263.74847
409,-248.30995
410,-251.12526
411,-263.1352
412,-246.24303
413,-245.87611
414,-248.05167
415,-251.81627
416,-256.33698
417,-255.61102
418,-252.37251
419,-252.69798
420,-259.3341
421,-261.74982
422,-262.6947
423,-258.79034
424,-258.93347
425,-246.09387
426,-245.80728
427,-245.08308
428,-260.35696
429,-251.14488
430,-241.89566
431,-250.868
432,-246.31712
433,-245.104
434,-259.46808
435,-248.33322
436,-259.85645
437,-248.71973
438,-251.3901
439,-241.15523
440,-246.33994
441,-258.99756
442,-255.70847
443,-255.9337
444,-252.64548
445,-250.28815
446,-243.16676
447,-267.39252
448,-267.62555
449,-256.00354
450,-245.56136
451,-256.15088
452,-267.77106
453,-266.6358
454,-241.33128
455,-255.79692
456,-251.69168
457,-252.39366
458,-260.83368
459,-254.54063
460,-254.1381
461,-257.89398
462,-255.35829
463,-252.91002
464,-259.55234
465,-253.16493
466,-248.69174
467,-252.76001
468,-257.1491
469,-261.3553
470,-255.90431
471,-260.90558
472,-251.74321
473,-260.91534
474,-249.58577
475,-253.40126
476,-245.82185
477,-257.7127
478,-256.8945
479,-250.19989
480,-257.70306
481,-248.63834
482,-259.80792
483,-260.0107
484,-242.90196
485,-269.01825
486,-256.50262
487,-249.95564
488,-259.45032
489,-272.39255
490,-258.65616
491,-247.26944
492,-256.87183
493,-255.41203
494,-246.10945
495,-262.40753
496,-270.57074
497,-252.48373
498,-274.0011
499,-248.94685
500,-264.06433
501,-262.88727
502,-243.09761
503,-254.72458
504,-269.2019
505,-255.70963
506,-257.92712
507,-250.66782
508,-255.73967
509,-262.5647
510,-251.52388
511,-262.416
512,-265.0255
513,-272.96008
514,-271.9382
515,-252.75375
516,-259.56564
517,-257.5595
518,-254.81616
519,-255.03975
520,-252.71568
521,-248.72047
522,-261.36688
523,-263.6357
524,-269.75204
525,-268.02563
526,-254.5138
527,-253.05367
528,-248.05843
529,-250.28857
530,-273.30804
531,-253.1436
532,-246.71602
533,-252.01633
534,-250.10565
535,-265.46436
536,-256.81863
537,-253.8212
538,-260.39398
539,-264.99008
540,-261.8332
541,-245.59909
542,-255.85657
543,-264.31604
544,-261.1828
545,-259.61707
546,-255.79193
547,-269.13995
548,-258.24863
549,-257.47882
550,-249.38223
551,-251.4064
552,-262.22992
553,-263.89706
554,-267.5901
555,-248.03293
556,-267.02814
557,-261.17944
558,-260.45657
559,-254.73244
560,-249.42915
561,-242.02782
562,-261.0088
563,-262.0938
564,-252.34895
565,-267.64633
566,-262.6682
567,-261.3169
568,-264.0138
569,-267.8779
570,-256.08597
571,-241.97638
572,-262.86496
573,-249.41505
574,-266.01813
575,-248.10655
576,-262.46988
577,-261.0708
578,-263.32025
579,-249.70847
580,-254.91695
581,-248.38477
582,-238.04955
583,-257.2066
584,-273.81448
585,-257.13547
586,-261.49918
587,-247.15262
588,-259.71448
589,-257.95502
590,-246.1829
591,-263.46152
592,-262.17438
593,-255.34123
594,-259.86453
595,-258.2423
596,-255.96867
597,-250.3733
598,-270.99792
599,-257.64453
600,-267.5438
601,-265.32404
602,-250.73781
603,-257.31006
604,-249.49959
605,-256.52225
606,-248.27994
607,-250.1995
608,-262.48572
609,-259.78375
610,-254.13538
611,-251.95596
612,-263.64474
613,-247.91205
614,-261.36047
615,-257.0951
616,-261.14276
617,-260.50842
618,-250.86137
619,-255.81749
620,-257.38187
621,-246.37753
622,-245.78474
623,-256.38687
624,-260.80353
625,-265.7392
626,-260.2876
627,-258.74042
628,-257.6241
629,-272.11783
630,-254.19827
631,-250.29765
632,-267.6244
633,-255.53108
634,-254.79498
635,-257.22388
636,-251.50647
637,-257.09604
638,-248.67708
639,-239.89018
640,-242.75089
641,-266.70755
642,-249.09464
643,-252.72098
644,-241.45009
645,-242.64845
646,-260.6085
647,-240.13312
648,-262.4371
649,-248.65161
650,-267.85217
651,-256.86203
652,-273.3734
653,-252.50623
654,-260.2651
655,-251.54202
656,-246.53185
657,-258.60638
658,-259.53687
659,-258.84174
660,-252.70139
661,-260.89813
662,-259.26154
663,-251.33946
664,-250.65388
665,-251.09105
666,-247.62451
667,-268.9768
668,-248.05153
669,-243.72295
670,-275.68298
671,-240.48878
672,-273.23944
673,-248.12457
674,-262.28885
675,-243.54726
676,-271.12854
677,-260.4068
678,-270.50568
679,-269.23065
680,-255.39787
681,-264.6361
682,-253.537
683,-247.49765
684,-257.4292
685,-255.37126
686,-243.88493
687,-255.06427
688,-263.0008
689,-248.31334
690,-255.51959
691,-251.73141
692,-257.6421
693,-274.65717
694,-254.17685
695,-266.14423
696,-270.90488
697,-264.8363
698,-253.7283
699,-267.61008
700,-240.68341
701,-243.55098
702,-263.91284
703,-271.34753
704,-256.91776
705,-248.24901
706,-251.00287
707,-259.64078
708,-257.59003
709,-253.12694
710,-263.64328
711,-262.02368
712,-258.5995
713,-258.85382
714,-262.752
715,-264.18753
716,-265.47867
717,-258.2956
718,-256.6507
719,-255.57439
720,-255.29384
721,-264.67804
722,-265.01117
723,-256.9732
724,-263.41687
725,-263.00992
726,-254.64613
727,-254.49167
728,-258.68494
729,-241.05486
730,-245.88147
731,-256.01813
732,-261.60934
733,-263.81256
734,-249.16435
735,-265.0614
736,-248.61612
737,-239.34973
738,-261.2074
739,-262.75577
740,-273.26913
741,-256.63892
742,-240.40686
743,-258.89465
744,-252.88449
745,-269.8328
746,-248.35262
747,-265.42572
748,-264.96707
749,-262.03583
750,-257.44162
751,-258.33997
752,-262.6748
753,-255.66058
754,-251.76009
755,-248.46985
756,-266.7635
757,-260.4939
758,-246.4182
759,-256.78577
760,-249.38264
761,-267.93982
762,-268.02814
763,-253.93155
764,-258.9881
765,-247.24596
766,-260.22516
767,-239.45178
768,-271.06674
769,-254.1862
770,-258.54266
771,-262.25903
772,-257.29327
773,-257.97787
774,-253.7184
775,-244.84335
776,-272.15912
777,-262.58484
778,-261.711
779,-260.076
780,-255.30472
781,-251.8147
782,-250.32144
783,-238.8425
784,-264.7828
785,-271.68954
786,-270.8115
787,-271.88733
788,-262.36823
789,-260.56384
790,-241.12534
791,-257.5534
792,-261.06302
793,-252.56245
794,-248.59392
795,-250.74231
796,-263.9677
797,-255.76678
798,-251.97786
799,-250.99196
800,-268.05212
801,-264.7483
802,-251.70471
803,-249.10515
804,-259.20288
805,-259.99487
806,-261.35162
807,-261.49402
808,-248.545
809,-241.33693
810,-248.95938
811,-246.80963
812,-253.98273
813,-256.4701
814,-266.8939
815,-258.39053
816,-254.3895
817,-253.89307
818,-248.66455
819,-258.77725
820,-251.76324
821,-247.48225
822,-265.4278
823,-245.90277
824,-249.41238
825,-254.12096
826,-257.92047
827,-249.46931
828,-251.3625
829,-252.40607
830,-260.11404
831,-267.29126
832,-257.33902
833,-258.5585
834,-257.39868
835,-260.99518
836,-252.01855
837,-262.29178
838,-256.67426
839,-240.20107
840,-259.53082
841,-248.09824
842,-261.8797
843,-247.49362
844,-261.83084
845,-267.84946
846,-256.73416
847,-273.39648
848,-242.53836
849,-248.58876
850,-248.79164
851,-262.30524
852,-252.95801
853,-261.97284
854,-251.42467
855,-258.4997
856,-255.71346
857,-263.6106
858,-265.42834
859,-253.95119
860,-274.0789
861,-257.90775
862,-270.96768
863,-253.9744
864,-242.06189
865,-269.2973
866,-251.56087
867,-261.59808
868,-261.05066
869,-249.20709
870,-251.92526
871,-255.77466
872,-262.3574
873,-256.48303
874,-271.07526
875,-265.06366
876,-251.87006
877,-269.70215
878,-253.88618
879,-246.08928
880,-254.17683
881,-262.3042
882,-262.2157
883,-253.56898
884,-261.99774
885,-257.23492
886,-254.41006
887,-252.67148
888,-258.47034
889,-256.1012
890,-265.78226
891,-246.6872
892,-246.68686
893,-255.64516
894,-246.95152
895,-269.11877
896,-256.50433
897,-246.75931
898,-263.3894
899,-256.93756
900,-261.74316
901,-265.83334
902,-244.68008
903,-267.6247
904,-255.88254
905,-252.68837
906,-253.16447
907,-251.48462
908,-243.73918
909,-260.1423
910,-264.78394
911,-250.91545
912,-248.4119
913,-248.73483
914,-255.52348
915,-253.42503
916,-267.07977
917,-258.54443
918,-242.86673
919,-253.72859
920,-264.16962
921,-262.8198
922,-270.0898
923,-264.20773
924,-250.00479
925,-263.37018
926,-262.77753
927,-253.95476
928,-260.77228
929,-253.64828
930,-251.86566
931,-249.85202
932,-258.1723
933,-256.46445
934,-263.59875
935,-255.74168
936,-250.10713
937,-253.14032
938,-258.34317
939,-264.66083
940,-256.5689
941,-239.4234
942,-253.6455
943,-251.1163
944,-254.54512
945,-249.11928
946,-250.30727
947,-246.28784
948,-263.4676
949,-262.19452
950,-240.46617
951,-254.64043
952,-267.82355
953,-265.26465
954,-255.66443
955,-252.67947
956,-268.05005
957,-262.56787
958,-251.9459
959,-248.89944
960,-242.69012
961,-268.96338
962,-266.39578
963,-246.41638
964,-250.69363
965,-261.078
966,-264.71716
967,-252.50098
968,-257.27872
969,-272.67987
970,-247.82555
971,-256.6811
972,-242.85753
973,-254.48892
974,-259.7339
975,-242.3157
976,-261.8794
977,-261.26587
978,-257.9595
979,-261.1737
980,-259.2745
981,-256.00314
982,-264.25842
983,-266.88422
984,-251.00317
985,-241.62196
986,-251.9518
987,-272.6019
988,-252.79665
989,-251.64375
990,-250.42047
991,-247.06915
992,-251.39616
993,-246.2905
994,-240.36807
995,-273.00842
996,-266.2364
997,-256.3056
998,-259.74945
999,-255.09073
1000,-254.13734
1001,-257.00006
1002,-265.16138
1003,-266.0886
1004,-258.2246
1005,-263.08286
1006,-257.53174
1007,-258.9886
1008,-249.7392
1009,-272.0598
1010,-262.2293
1011,-243.48766
1012,-253.65169
1013,-266.4182
1014,-257.7024
1015,-273.93228
1016,-257.02463
1017,-260.93005
1018,-261.80972
1019,-257.89478
1020,-262.90424
1021,-272.56177
1022,-257.02643
1023,-255.48628
1024,-262.97992
1025,-246.82089
1026,-247.30652
1027,-243.08716
1028,-268.69238
1029,-247.29851
1030,-256.79773
1031,-254.67578
1032,-250.22028
1033,-263.45337
1034,-240.6597
1035,-257.86554
1036,-251.99567
1037,-264.92633
1038,-260.1064
1039,-243.55136
1040,-255.42264
1041,-262.92664
1042,-251.40305
1043,-250.30765
1044,-259.18848
1045,-251.97266
1046,-248.94112
1047,-257.07834
1048,-259.6734
1049,-256.969
1050,-260.75272
1051,-265.2702
1052,-247.14018
1053,-257.4179
1054,-266.38574
1055,-269.5017
1056,-249.51482
1057,-243.08513
1058,-253.99156
1059,-254.60977
1060,-244.7394
1061,-246.59819
1062,-263.90335
1063,-240.73862
1064,-244.70912
1065,-266.10785
1066,-248.44385
1067,-252.92528
1068,-257.80414
1069,-257.94086
1070,-246.29922
1071,-261.8045
1072,-258.72894
1073,-272.3017
1074,-260.60294
1075,-262.5578
1076,-248.16139
1077,-251.88045
1078,-257.19244
1079,-251.29576
1080,-256.16467
1081,-263.95087
1082,-259.56604
1083,-251.41388
1084,-242.74953
1085,-263.76724
1086,-255.99626
1087,-261.1311
1088,-270.83813
1089,-264.20154
1090,-246.34395
1091,-255.16539
1092,-255.93567
1093,-251.71262
1094,-253.36058
1095,-260.46472
1096,-255.6687
1097,-252.94925
1098,-261.3155
1099,-249.27087
1100,-261.15588
1101,-262.00183
1102,-266.28595
1103,-250.76158
1104,-244.8147
1105,-263.43854
1106,-261.2256
1107,-250.19876
1108,-254.2248
1109,-256.7315
1110,-255.11598
1111,-259.56042
1112,-261.0429
1113,-263.1767
1114,-256.76953
1115,-260.16724
1116,-250.42937
1117,-263.71155
1118,-251.8712
1119,-266.91043
1120,-259.8006
1121,-265.0029
1122,-254.07027
1123,-264.84143
1124,-256.62766
1125,-256.88156
1126,-257.96692
1127,-263.5923
1128,-263.38904
1129,-258.5685
1130,-250.52951
1131,-266.86197
1132,-253.71626
1133,-267.51392
1134,-261.45587
1135,-266.19614
1136,-264.98682
1137,-256.70654
1138,-248.38147
1139,-264.2596
1140,-251.40126
1141,-253.66022
1142,-247.48204
1143,-265.06665
1144,-267.57764
1145,-263.41827
1146,-254.49277
1147,-252.18938
1148,-273.03732
1149,-240.80472
1150,-263.2863
1151,-272.95844
1152,-271.8277
1153,-275.3105
1154,-261.81674
1155,-256.33807
1156,-256.68854
1157,-246.28741
1158,-242.64331
1159,-251.66472
1160,-262.41602
1161,-239.57007
1162,-254.0999
1163,-245.70728
1164,-266.63626
1165,-257.87366
1166,-248.50658
1167,-262.9749
1168,-248.90846
1169,-250.31993
1170,-259.38007
1171,-256.83295
1172,-248.58167
1173,-258.1055
1174,-252.84549
1175,-267.07666
1176,-260.73486
1177,-257.34985
1178,-247.06364
1179,-246.3212
1180,-273.28644
1181,-248.90785
1182,-263.71338
1183,-261.08322
1184,-265.0736
1185,-262.31238
1186,-257.05804
1187,-267.95953
1188,-241.24849
1189,-263.60715
1190,-267.58344
1191,-270.13147
1192,-275.0096
1193,-272.34882
1194,-263.10663
1195,-257.00842
1196,-257.9654
1197,-255.72308
1198,-263.30707
1199,-242.80643
1200,-257.91043
1201,-264.21445
1202,-267.48135
1203,-257.24835
1204,-255.69315
1205,-272.8263
1206,-250.33983
1207,-258.5806
1208,-258.95978
1209,-262.16922
1210,-254.19023
1211,-261.88202
1212,-260.47864
1213,-249.8025
1214,-261.13513
1215,-254.22945
1216,-255.47737
1217,-258.107
1218,-256.1126
1219,-254.90208
1220,-251.45032
1221,-250.94267
1222,-250.15448
1223,-258.23935
1224,-258.85876
1225,-263.1626
1226,-261.87894
1227,-240.46046
1228,-260.77716
1229,-255.53766
1230,-263.96875
1231,-255.59868
1232,-247.58148
1233,-251.49664
1234,-251.74103
1235,-254.60654
1236,-270.31403
1237,-257.0647
1238,-258.3344
1239,-269.18567
1240,-266.64926
1241,-243.2992
1242,-242.54077
1243,-272.2505
1244,-268.02646
1245,-257.30682
1246,-258.5745
1247,-259.2202
1248,-254.51448
1249,-253.94199
1250,-263.9569
1251,-259.64972
1252,-258.7746
1253,-257.0124
1254,-252.08249
1255,-266.38333
1256,-256.74545
1257,-257.19403
1258,-247.49632
1259,-264.49368
1260,-250.38426
1261,-240.66927
1262,-249.26666
1263,-251.45499
1264,-264.39624
1265,-248.94127
1266,-263.19928
1267,-268.06952
1268,-259.0504
1269,-239.72081
1270,-255.32607
1271,-246.83508
1272,-270.22302
1273,-258.85745
1274,-252.20677
1275,-245.16077
1276,-261.31024
1277,-263.6544
1278,-245.33838
1279,-261.81415
1280,-250.02774
1281,-261.1425
1282,-252.84169
1283,-262.80353
1284,-251.18799
1285,-255.75592
1286,-272.6441
1287,-250.48697
1288,-253.9656
1289,-253.58398
1290,-258.31348
1291,-259.37708
1292,-247.35104
1293,-266.30078
1294,-264.8
1295,-258.57492
1296,-240.4033
1297,-249.83765
1298,-258.77502
1299,-263.63104
1300,-252.42949
1301,-261.0515
1302,-254.14941
1303,-261.7023
1304,-257.667
1305,-247.45526
1306,-242.41875
1307,-261.26624
1308,-256.6518
1309,-252.05145
1310,-262.99942
1311,-249.76935
1312,-261.17166
1313,-263.27887
1314,-244.98073
1315,-256.02118
1316,-263.94092
1317,-261.2937
1318,-259.13
1319,-265.317
1320,-252.71301
1321,-260.62457
1322,-249.18791
1323,-261.0871
1324,-251.69911
1325,-260.1692
1326,-266.46808
1327,-251.34785
1328,-262.74622
1329,-258.56158
1330,-266.91785
1331,-259.56427
1332,-258.48465
1333,-253.5483
1334,-252.7224
1335,-250.06699
1336,-254.266
1337,-248.03119
1338,-252.77284
1339,-260.5501
1340,-256.31503
1341,-258.6996
1342,-246.13872
1343,-259.10266
1344,-246.33694
1345,-251.53354
1346,-267.56543
1347,-256.91275
1348,-255.50618
1349,-254.62392
1350,-254.078
1351,-245.62743
1352,-247.57504
1353,-254.04613
1354,-262.23117
1355,-247.64207
1356,-257.73633
1357,-271.42807
1358,-257.41327
1359,-256.65234
1360,-248.46118
1361,-254.12204
1362,-255.19383
1363,-265.46722
1364,-259.88156
1365,-253.0858
1366,-248.13681
1367,-261.3938
1368,-256.40106
1369,-249.19449
1370,-263.06366
1371,-251.93025
1372,-247.46057
1373,-254.4193
1374,-242.05672
1375,-253.85072
1376,-254.29382
1377,-266.4726
1378,-261.19928
1379,-261.03012
1380,-241.1003
1381,-253.09653
1382,-265.31543
1383,-261.46893
1384,-250.38548
1385,-254.29877
1386,-242.11201
1387,-257.6317
1388,-256.67404
1389,-254.05896
1390,-255.15887
1391,-240.58487
1392,-253.09479
1393,-259.05618
1394,-255.81422
1395,-260.85583
1396,-251.4945
1397,-264.43817
1398,-262.10184
1399,-255.57646
1400,-262.91473
1401,-255.4397
1402,-258.7068
1403,-258.28506
1404,-269.15607
1405,-268.05383
1406,-241.20137
1407,-248.62743
1408,-273.00873
1409,-248.291
1410,-267.73907
1411,-246.98375
1412,-258.39795
1413,-263.4536
1414,-262.4309
1415,-259.68542
1416,-249.0789
1417,-248.23161
1418,-266.18646
1419,-260.1778
1420,-259.31488
1421,-252.3296
1422,-270.69342
1423,-254.75021
1424,-253.86606
1425,-242.53253
1426,-259.95325
1427,-259.77075
1428,-241.86472
1429,-250.78148
1430,-254.15858
1431,-267.42578
1432,-247.65398
1433,-250.56065
1434,-266.85788
1435,-249.87059
1436,-265.49066
1437,-254.96916
1438,-251.7929
1439,-267.69348
1440,-257.3191
1441,-258.92834
1442,-258.75632
1443,-258.58582
1444,-247.61353
1445,-257.26898
1446,-256.46362
1447,-263.87244
1448,-252.98337
1449,-258.70068
1450,-248.31999
1451,-252.73367
1452,-275.50714
1453,-263.40692
1454,-252.70712
1455,-255.48706
1456,-247.51985
1457,-253.36482
1458,-243.04135
1459,-258.61475
1460,-248.00555
1461,-261.72977
1462,-257.6628
1463,-260.11923
1464,-264.93854
1465,-259.8482
1466,-256.89645
1467,-252.86575
1468,-243.76537
1469,-251.82033
1470,-264.41785
1471,-272.1499
1472,-259.27582
1473,-256.461
1474,-251.44574
1475,-262.4355
1476,-265.66483
1477,-256.40405
1478,-269.47906
1479,-247.11578
1480,-256.883
1481,-264.93973
1482,-264.8067
1483,-256.97253
1484,-254.55862
1485,-263.8039
1486,-248.85661
1487,-252.97412
1488,-255.34564
1489,-251.02724
1490,-249.12825
1491,-259.81635
1492,-263.4041
1493,-250.56502
1494,-258.40115
1495,-260.23206
1496,-260.97998
1497,-255.60017
1498,-246.57068
1499,-255.72318
1500,-259.609
1501,-267.4669
1502,-272.39526
1503,-243.19379
1504,-256.1436
1505,-254.52393
1506,-264.5912
1507,-250.73201
1508,-260.75885
1509,-247.4711
1510,-256.70312
1511,-263.70776
1512,-248.35323
1513,-269.96448
1514,-239.54102
1515,-262.04932
1516,-263.68063
1517,-260.62302
1518,-272.46313
1519,-251.84192
1520,-257.1165
1521,-261.55475
1522,-257.90375
1523,-245.10544
1524,-253.00119
1525,-270.87277
1526,-258.82227
1527,-262.16498
1528,-257.45483
1529,-261.17343
1530,-273.59286
1531,-261.60022
1532,-250.63112
1533,-257.75452
1534,-264.5246
1535,-271.5196
1536,-247.58983
1537,-256.07043
1538,-250.5275
1539,-261.17276
1540,-256.94183
1541,-253.84665
1542,-267.57605
1543,-270.49744
1544,-247.52377
1545,-258.03116
1546,-251.27917
1547,-254.45915
1548,-246.46715
1549,-257.81705
1550,-252.54791
1551,-265.47415
1552,-252.78653
1553,-271.09946
1554,-257.82184
1555,-251.2468
1556,-263.9453
1557,-252.42192
1558,-269.9187
1559,-255.6462
1560,-255.52841
1561,-257.46243
1562,-254.56757
1563,-251.65463
1564,-253.93489
1565,-258.89276
1566,-261.9295
1567,-255.405
1568,-249.36325
1569,-246.31183
1570,-252.44037
1571,-241.41046
1572,-261.52362
1573,-263.87372
1574,-249.68515
1575,-247.15707
1576,-256.84775
1577,-252.47278
1578,-267.94342
1579,-251.34773
1580,-258.35144
1581,-270.97665
1582,-256.52893
1583,-255.92415
1584,-255.32257
1585,-254.75105
1586,-253.37764
1587,-257.81705
1588,-247.2683
1589,-248.0546
1590,-257.9477
1591,-260.97888
1592,-252.8124
1593,-244.34758
1594,-246.13557
1595,-257.33813
1596,-250.59224
1597,-268.6259
1598,-250.02052
1599,-250.3517
1600,-266.52005
1601,-262.0635
1602,-260.57404
1603,-262.44562
1604,-252.0186
1605,-251.99927
1606,-255.55481
1607,-257.17603
1608,-248.72617
1609,-251.60048
1610,-260.06897
1611,-254.87978
1612,-239.55305
1613,-250.47621
1614,-268.22296
1615,-268.13678
1616,-260.56363
1617,-264.1056
1618,-256.37573
1619,-262.5144
1620,-253.36653
1621,-242.28758
1622,-249.48576
1623,-246.18573
1624,-249.782
1625,-248.38847
1626,-254.03056
1627,-251.68077
1628,-257.83075
1629,-239.59683
1630,-273.06384
1631,-251.0035
1632,-274.12137
1633,-247.06242
1634,-259.89688
1635,-254.76607
1636,-252.67929
1637,-255.56314
1638,-271.44556
1639,-254.86035
1640,-246.62936
1641,-265.93835
1642,-256.26242
1643,-262.94888
1644,-257.51355
1645,-246.40234
1646,-258.01917
1647,-253.70764
1648,-248.15215
1649,-254.11247
1650,-262.6527
1651,-245.87521
1652,-251.11491
1653,-266.84528
1654,-258.48917
1655,-258.72314
1656,-256.12305
1657,-247.17136
1658,-253.00705
1659,-271.64038
1660,-266.78992
1661,-263.3999
1662,-257.89432
1663,-259.8962
1664,-257.7882
1665,-252.81613
1666,-247.45155
1667,-258.724
1668,-251.6023
1669,-269.84845
1670,-255.70773
1671,-254.64807
1672,-244.38419
1673,-251.63133
1674,-265.91754
1675,-246.54034
1676,-251.92244
1677,-268.71362
1678,-261.997
1679,-266.91217
1680,-250.89569
1681,-255.15425
1682,-252.1738
1683,-265.6631
1684,-264.49182
1685,-262.73782
1686,-258.27344
1687,-248.56032
1688,-262.25494
1689,-264.01672
1690,-255.38931
1691,-254.65765
1692,-255.70523
1693,-258.10815
1694,-256.5547
1695,-251.86467
1696,-262.8
1697,-243.7516
1698,-256.09338
1699,-265.08173
1700,-257.72595
1701,-258.44678
1702,-257.24115
1703,-265.41345
1704,-258.59418
1705,-246.50952
1706,-258.53375
1707,-264.24783
1708,-258.21576
1709,-260.05652
1710,-264.1504
1711,-248.50723
1712,-255.18683
1713,-254.47029
1714,-253.71619
1715,-260.11536
1716,-265.27484
1717,-252.99585
1718,-263.23334
1719,-246.52615
1720,-246.75601
1721,-260.49176
1722,-257.09143
1723,-266.65002
1724,-252.98022
1725,-261.88013
1726,-259.86325
1727,-273.57355
1728,-258.56647
1729,-251.63017
1730,-251.39732
1731,-245.90298
1732,-272.4556
1733,-263.65234
1734,-260.70892
1735,-258.29062
1736,-263.58603
1737,-262.86353
1738,-265.46887
1739,-270.1042
1740,-249.61565
1741,-244.26578
1742,-241.35013
1743,-272.39334
1744,-257.50522
1745,-262.52112
1746,-265.1352
1747,-244.2131
1748,-254.56665
1749,-254.0281
1750,-262.20862
1751,-268.9709
1752,-261.4862
1753,-258.04706
1754,-258.177
1755,-257.39246
1756,-245.097
1757,-263.90845
1758,-251.10086
1759,-258.87952
1760,-263.78784
1761,-240.66672
1762,-265.74893
1763,-271.80136
1764,-256.82507
1765,-246.2557
1766,-251.20709
1767,-248.93382
1768,-266.54852
1769,-260.38373
1770,-247.89124
1771,-242.9547
1772,-268.58502
1773,-250.15248
1774,-258.31506
1775,-260.09494
1776,-264.9453
1777,-272.50116
1778,-251.43956
1779,-259.9468
1780,-264.78888
1781,-263.1147
1782,-266.56396
1783,-257.25696
1784,-258.87405
1785,-253.18187
1786,-247.49706
1787,-261.1034
1788,-260.17136
1789,-253.96808
1790,-254.32887
1791,-242.42654
1792,-247.22748
1793,-257.02948
1794,-257.21844
1795,-245.59499
1796,-256.6695
1797,-240.21387
1798,-258.72244
1799,-268.66635
1800,-252.0474
1801,-260.43988
1802,-267.2959
1803,-255.46834
1804,-256.2212
1805,-257.1336
1806,-248.15274
1807,-258.26263
1808,-262.17993
1809,-261.09406
1810,-250.32104
1811,-252.13919
1812,-257.18536
1813,-248.4991
1814,-263.67493
1815,-268.4828
1816,-254.97032
1817,-259.35938
1818,-262.60107
1819,-256.48788
1820,-254.95523
1821,-269.39413
1822,-258.17035
1823,-260.35736
1824,-264.13373
1825,-263.06622
1826,-246.77664
1827,-251.93214
1828,-253.54892
1829,-265.24005
1830,-263.3568
1831,-257.55145
1832,-258.56412
1833,-256.726
1834,-255.5919
1835,-267.69525
1836,-272.85992
1837,-248.37428
1838,-257.26117
1839,-248.12193
1840,-250.35474
1841,-273.24225
1842,-257.39697
1843,-248.5237
1844,-267.28522
1845,-257.0611
1846,-272.00922
1847,-257.61914
1848,-271.03424
1849,-264.0896
1850,-265.94254
1851,-265.88068
1852,-257.83557
1853,-265.18085
1854,-272.2742
1855,-264.45605
1856,-269.96295
1857,-250.55832
1858,-262.41705
1859,-259.37866
1860,-250.67656
1861,-251.9638
1862,-256.62177
1863,-253.3671
1864,-240.74994
1865,-258.27765
1866,-259.56158
1867,-265.09598
1868,-267.9098
1869,-260.578
1870,-264.639
1871,-243.61609
1872,-253.57089
1873,-249.28098
1874,-250.62674
1875,-260.92593
1876,-253.72374
1877,-259.60944
1878,-253.72873
1879,-272.1209
1880,-252.92427
1881,-257.7929
1882,-253.23686
1883,-248.65189
1884,-272.2364
1885,-256.7262
1886,-251.71167
1887,-243.47055
1888,-250.25206
1889,-256.89056
1890,-260.52036
1891,-249.38663
1892,-255.62923
1893,-247.51283
1894,-249.966
1895,-263.4646
1896,-245.89188
1897,-250.02855
1898,-263.09113
1899,-252.91942
1900,-271.02063
1901,-245.47687
1902,-247.94554
1903,-266.20856
1904,-245.33943
1905,-253.40744
1906,-253.32352
1907,-262.071
1908,-267.92725
1909,-250.70886
1910,-250.0942
1911,-249.15175
1912,-247.91522
1913,-248.25168
1914,-270.4282
1915,-272.4678
1916,-252.0281
1917,-255.0085
1918,-245.38905
1919,-256.85065
1920,-271.93738
1921,-263.92554
1922,-257.8012
1923,-266.57977
1924,-250.23436
1925,-263.88818
1926,-253.59894
1927,-261.49146
1928,-247.65775
1929,-252.84074
1930,-241.898
1931,-249.46194
1932,-255.9518
1933,-247.56734
1934,-258.0732
1935,-255.57126
1936,-258.52338
1937,-266.2995
1938,-251.60046
1939,-265.4776
1940,-252.11546
1941,-255.20384
1942,-252.42123
1943,-264.53693
1944,-260.08783
1945,-251.16464
1946,-265.19983
1947,-266.54092
1948,-265.81146
1949,-264.4717
1950,-251.57262
1951,-247.78145
1952,-255.75667
1953,-241.36726
1954,-253.55188
1955,-259.87097
1956,-271.30716
1957,-250.40486
1958,-264.07285
1959,-247.17982
1960,-246.05495
1961,-256.8479
1962,-248.07272
1963,-260.26306
1964,-257.82278
1965,-257.29724
1966,-268.2976
1967,-249.54938
1968,-251.73753
1969,-243.8797
1970,-245.88304
1971,-249.25966
1972,-256.02722
1973,-271.6014
1974,-256.44492
1975,-271.6239
1976,-263.87097
1977,-241.8685
1978,-258.0832
1979,-256.65802
1980,-258.26248
1981,-261.3022
1982,-268.5208
1983,-257.97565
1984,-269.3873
1985,-259.87592
1986,-248.78447
1987,-239.79195
1988,-249.65453
1989,-254.52315
1990,-259.73517
1991,-256.23065
1992,-261.68292
1993,-248.68279
1994,-270.88342
1995,-254.84248
1996,-250.36496
1997,-264.87344
1998,-257.961
1999,-270.68805
2000,-244.26755
2001,-250.85664
2002,-253.88126
2003,-251.34401
2004,-241.8203
2005,-251.2247
2006,-248.32162
2007,-255.9224
2008,-259.9535
2009,-261.87473
2010,-259.1498
2011,-270.7144
2012,-261.1527
2013,-255.0753
2014,-238.57497
2015,-258.33673
2016,-250.8803
2017,-256.58783
2018,-265.47348
2019,-258.72424
2020,-246.3073
2021,-256.00647
2022,-258.60486
2023,-248.22023
2024,-246.78249
2025,-260.18842
2026,-257.8405
2027,-259.6753
2028,-254.3275
2029,-263.50525
2030,-263.7027
2031,-249.59612
2032,-246.4512
2033,-247.16081
2034,-258.5016
2035,-267.7022
2036,-269.44818
2037,-260.6267
2038,-250.50685
2039,-246.75082
2040,-260.63104
2041,-253.96367
2042,-261.5373
2043,-255.1008
2044,-240.77304
2045,-261.1357
2046,-250.21478
2047,-254.53827
2048,-241.36832
2049,-272.60254
2050,-261.56128
2051,-250.4508
2052,-262.50626
2053,-258.4611
2054,-269.14685
2055,-251.67252
2056,-254.01512
2057,-258.29315
2058,-273.39728
2059,-272.2528
2060,-252.57841
2061,-269.9492
2062,-244.33658
2063,-261.96222
2064,-264.54675
2065,-246.46954
2066,-262.29025
2067,-257.95544
2068,-259.7876
2069,-243.4501
2070,-264.7713
2071,-242.71902
2072,-260.57703
2073,-265.34616
2074,-265.7389
2075,-257.1703
2076,-251.9928
2077,-241.96225
2078,-255.29971
2079,-254.13533
2080,-257.2929
2081,-259.9966
2082,-265.4729
2083,-258.847
2084,-257.7271
2085,-249.94374
2086,-248.10559
2087,-259.26227
2088,-264.53088
2089,-263.53387
2090,-266.03384
2091,-262.80035
2092,-253.11633
2093,-265.04266
2094,-250.03404
2095,-256.10202
2096,-251.21643
2097,-250.70934
2098,-273.2002
2099,-250.94965
2100,-246.1156
2101,-254.41791
2102,-273.5783
2103,-263.89124
2104,-253.76994
2105,-265.20975
2106,-254.75836
2107,-241.32227
2108,-244.95435
2109,-255.688
2110,-261.31906
2111,-248.96521
2112,-248.98521
2113,-263.7184
2114,-257.70502
2115,-262.29742
2116,-261.00623
2117,-256.0687
2118,-259.4284
2119,-269.2951
2120,-256.92358
2121,-255.42044
2122,-262.37906
2123,-258.22583
2124,-260.8968
2125,-239.91817
2126,-246.11203
2127,-251.72037
2128,-258.60693
2129,-250.70697
2130,-247.33922
2131,-242.51721
2132,-244.98163
2133,-253.04799
2134,-274.73407
2135,-269.64032
2136,-264.1985
2137,-262.3299
2138,-257.3987
2139,-244.63628
2140,-252.2269
2141,-248.28558
2142,-258.24796
2143,-258.54892
2144,-258.27847
2145,-258.26022
2146,-250.20297
2147,-247.23416
2148,-256.32977
2149,-239.6374
2150,-242.14682
2151,-256.01413
2152,-252.65485
2153,-254.36362
2154,-244.55798
2155,-264.7886
2156,-270.67688
2157,-257.59454
2158,-245.28146
2159,-252.69444
2160,-258.85876
2161,-251.43134
2162,-262.24677
2163,-251.94388
2164,-247.70285
2165,-254.35025
2166,-255.8175
2167,-262.46744
2168,-251.3465
2169,-265.27292
2170,-256.9716
2171,-255.91975
2172,-251.49411
2173,-260.8255
2174,-259.45273
2175,-262.77057
2176,-263.75912
2177,-266.2693
2178,-262.62003
2179,-257.3313
2180,-274.30542
2181,-254.96649
2182,-258.6478
2183,-256.6657
2184,-269.3442
2185,-244.87912
2186,-271.75137
2187,-267.4135
2188,-259.53064
2189,-250.79584
2190,-271.94586
2191,-250.41052
2192,-267.32672
2193,-257.0094
2194,-273.99463
2195,-260.5855
2196,-257.06168
2197,-251.29707
2198,-248.1129
2199,-263.6628
2200,-264.54932
2201,-247.87312
2202,-263.6961
2203,-240.14088
2204,-258.44504
2205,-240.06834
2206,-252.32144
2207,-247.12552
2208,-272.94604
2209,-257.28717
2210,-269.5155
2211,-245.6416
2212,-258.15448
2213,-257.18884
2214,-250.8606
2215,-260.3747
2216,-255.42955
2217,-253.16188
2218,-268.94403
2219,-246.10397
2220,-271.9408
2221,-274.90836
2222,-255.54424
2223,-263.20123
2224,-258.21002
2225,-258.38367
2226,-255.15392
2227,-260.7377
2228,-252.5037
2229,-251.12393
2230,-274.13458
2231,-261.63702
2232,-258.96536
2233,-262.44415
2234,-248.82697
2235,-254.833
2236,-251.82857
2237,-251.15776
2238,-256.9336
2239,-249.12431
2240,-258.04193
2241,-245.46207
2242,-256.12567
2243,-268.27216
2244,-248.20975
2245,-272.3081
2246,-252.79553
2247,-269.6142
2248,-256.07043
2249,-259.4558
2250,-248.34175
2251,-246.8395
2252,-251.10521
2253,-257.32996
2254,-270.33408
2255,-258.74594
2256,-253.98674
2257,-253.75395
2258,-268.9843
2259,-255.44345
2260,-249.43181
2261,-254.72449
2262,-249.72754
2263,-245.88821
2264,-258.47974
2265,-274.4486
2266,-262.4881
2267,-243.47633
2268,-257.34338
2269,-267.4397
2270,-250.86917
2271,-245.78972
2272,-268.68884
2273,-257.58273
2274,-258.79144
2275,-251.74738
2276,-255.70644
2277,-262.29044
2278,-252.94048
2279,-244.92958
2280,-244.35773
2281,-262.7078
2282,-247.15605
2283,-250.46309
2284,-247.32222
2285,-260.80325
2286,-251.47261
2287,-263.81464
2288,-263.95676
2289,-267.60376
2290,-251.53041
2291,-268.46002
2292,-246.09137
2293,-260.093
2294,-272.71017
2295,-258.31366
2296,-263.09467
2297,-255.75488
2298,-250.27466
2299,-258.32782
2300,-259.046
2301,-252.42206
2302,-258.41135
2303,-271.80066
2304,-257.0984
2305,-253.56578
2306,-264.57617
2307,-253.72719
2308,-243.2174
2309,-261.89252
2310,-267.2315
2311,-244.23282
2312,-252.25818
2313,-262.99054
2314,-262.71567
2315,-261.7653
2316,-260.9085
2317,-266.30115
2318,-256.89877
2319,-255.17436
2320,-248.7733
2321,-266.2906
2322,-246.06615
2323,-259.24524
2324,-257.82196
2325,-265.1751
2326,-273.29117
2327,-264.47015
2328,-260.98584
2329,-254.417
2330,-240.75613
2331,-266.81955
2332,-250.51978
2333,-263.69962
2334,-244.99039
2335,-257.03668
2336,-259.72992
2337,-261.01816
2338,-246.28299
2339,-267.84448
2340,-245.92137
2341,-255.11642
2342,-266.0087
2343,-270.38818
2344,-252.58658
2345,-257.32526
2346,-267.65527
2347,-247.98546
2348,-248.91048
2349,-253.58325
