3,-152.7642
4,-253.23788
5,-232.5218
6,-263.6845
7,-262.32996
8,-251.75972
9,-254.05212
10,-251.51926
11,-283.91956
12,-327.72815
13,-351.73364
14,-227.0223
15,-120.38693
16,-87.56085
17,-107.38606
18,-102.27765
19,-111.91388
20,-117.10942
21,-94.96388
22,-90.45491
23,-100.77779
24,-5.526245
25,-19.21112
26,-10.218353
27,-16.841202
28,-26.472855
29,-39.57245
30,-49.448853
31,-3.688507
32,-49.624863
33,-13.718567
34,-24.425507
35,-31.228714
36,-26.079254
37,-35.11467
38,-21.88324
39,-25.638046
40,-47.282944
41,-138.37646
42,-124.06578
43,-150.63156
44,-153.60703
45,-164.68079
46,-169.63737
47,-156.63216
48,-58.78189
49,-0.0
50,-40.17868
51,-256.45056
52,-264.90326
53,-264.02863
54,-240.03334
55,-239.5955
56,-224.36914
57,-249.52661
58,-259.87338
59,-226.23306
60,-256.45667
61,-233.33775
62,-243.01851
63,-300.529
64,-327.73657
65,-102.737335
66,-83.52423
67,-92.498535
68,-114.83801
69,-132.48305
70,-110.41327
71,-83.37103
72,-105.649704
73,-107.312225
74,-90.523056
75,-33.718094
76,-0.0
77,-0.0
78,-0.0
79,-0.0
80,-0.0
81,-0.0
82,-0.0
83,-0.0
84,-0.0
85,-0.0
86,-0.0
87,-0.0
88,-0.0
89,-0.0
90,-0.0
91,-0.0
92,-0.0
93,-0.0
94,-0.0
95,-0.0
96,-0.0
97,-0.0
98,-0.0
99,-0.0
100,-0.0
101,-0.0
102,-0.0
103,-0.0
104,-0.0
105,-0.0
106,-0.0
107,-0.0
108,-0.0
109,-0.0
110,-0.0
111,-0.0
112,-0.0
113,-0.0
114,-0.0
115,-0.0
116,-0.0
117,-0.0
118,-0.0
119,-0.0
120,-0.0
121,-0.0
122,-0.0
123,-0.0
124,-0.0
125,-0.0
126,-0.0
127,-0.0
128,-0.0
129,-0.0
130,-0.0
131,-0.0
132,-0.0
133,-0.0
134,-0.0
135,-0.0
136,-0.0
137,-0.0
138,-0.0
139,-0.0
140,-0.0
141,-0.0
142,-0.0
143,-0.0
144,-0.0
145,-0.0
146,-0.0
147,-0.0
148,-0.0
149,-0.0
150,-0.0
151,-0.0
152,-0.0
153,-0.0
154,-0.0
155,-0.0
156,-0.0
157,-0.0
158,-0.0
159,-0.0
160,-0.0
161,-0.0
162,-0.0
163,-0.0
164,-0.0
165,-0.0
166,-0.0
167,-0.0
168,-0.0
169,-0.0
170,-0.0
171,-0.0
172,-0.0
173,-0.0
174,-0.0
175,-0.0
176,-0.0
177,-0.0
178,-0.0
179,-0.0
180,-0.0
181,-0.0
182,-0.0
183,-0.0
184,-0.0
185,-0.0
186,-0.0
187,-0.0
188,-0.0
189,-0.0
190,-0.0
191,-0.0
192,-0.0
193,-0.0
194,-0.0
195,-0.0
196,-0.0
197,-0.0
198,-0.0
199,-0.0
200,-0.0
201,-0.0
202,-0.0
203,-0.0
204,-0.0
205,-0.0
206,-0.0
207,-0.0
208,-0.0
209,-0.0
210,-0.0
211,-0.0
212,-0.0
213,-0.0
214,-0.0
215,-0.0
216,-0.0
217,-0.0
218,-0.0
219,-0.0
220,-0.0
221,-0.0
222,-0.0
223,-0.0
224,-0.0
225,-0.0
226,-0.0
227,-0.0
228,-0.0
229,-0.0
230,-0.0
231,-0.0
232,-0.0
233,-0.0
234,-0.0
235,-0.0
236,-0.0
237,-0.0
238,-0.0
239,-0.0
240,-0.0
241,-0.0
242,-0.0
243,-0.0
244,-0.0
245,-0.0
246,-0.0
247,-0.0
248,-0.0
249,-0.0
250,-0.0
251,-0.0
252,-0.0
253,-0.0
254,-0.0
255,-0.0
256,-0.0
257,-0.0
258,-0.0
259,-0.0
260,-0.0
261,-0.0
262,-0.0
263,-0.0
264,-0.0
265,-0.0
266,-0.0
267,-0.0
268,-0.0
269,-0.0
270,-0.0
271,-0.0
272,-0.0
273,-0.0
274,-0.0
275,-0.0
276,-0.0
277,-0.0
278,-0.0
279,-0.0
280,-0.0
281,-0.0
282,-0.0
283,-0.0
284,-0.0
285,-0.0
286,-0.0
287,-0.0
288,-0.0
289,-0.0
290,-0.0
291,-0.0
292,-0.0
293,-0.0
294,-0.0
295,-0.0
296,-0.0
297,-0.0
298,-0.0
299,-0.0
300,-0.0
301,-0.0
302,-0.0
303,-0.0
304,-0.0
305,-0.0
306,-0.0
307,-0.0
308,-0.0
309,-0.0
310,-0.0
311,-0.0
312,-0.0
313,-0.0
314,-0.0
315,-0.0
316,-0.0
317,-0.0
318,-0.0
319,-0.0
320,-0.0
321,-0.0
322,-0.0
323,-0.0
324,-0.0
325,-0.0
